Yr	country	npaornot	popn	popndensity	ruralornot	county	Mar	Apr	May	Jun	Jul	Aug	Sep	Oct	Nov	Dec	Jan	Feb	yr1	rateper100k
year1	IE	NPA	32044	20.17845778	y	Leitrim	1	2	1	1	0	0	0	0	1	0	4	4	14	43.68992635
year1	IE	NPA	130507	23.35685212	y	Mayo	2	41	10	2	0	0	0	2	8	2	70	44	181	138.6898787
year1	IE	non	64544	25.3398305	y	Roscommon	0	2	7	2	0	0	0	3	4	2	21	7	48	74.36787308
year1	IE	NPA	147707	30.68924808	y	Kerry	2	5	0	0	0	0	0	4	9	3	23	8	54	36.55886315
year1	IE	NPA	159192	32.75047211	y	Donegal	4	42	4	1	0	0	1	3	14	10	43	19	141	88.57229006
year1	IE	NPA	118817	34.4535393	y	Clare	0	22	18	2	1	0	0	2	5	2	38	23	113	95.10423593
year1	IE	NPA	65535	35.69282687	y	Sligo	0	3	2	0	0	0	0	0	2	0	5	7	19	28.9921416
year1	IE	non	159553	37.07606815	y	Tipperary	4	12	3	0	0	0	0	4	8	4	23	25	83	52.0203318
year1	IE	non	40873	37.46112235	y	Longford	1	4	2	2	0	0	0	0	0	1	6	4	20	48.93205784
year1	IE	non	77961	38.9800193	y	Offaly	1	8	6	0	0	0	3	2	3	1	17	21	62	79.52694296
year1	IE	non	76176	39.44440301	y	Cavan	0	36	11	1	1	2	1	5	6	3	30	11	107	140.4641882
year1	IE	NPA	258058	41.95433086	y	Galway	1	7	4	2	1	0	1	4	4	3	55	41	123	47.66370351
year1	IE	non	61386	47.43293298	y	Monaghan	0	51	13	1	0	0	1	6	2	2	12	8	96	156.3874499
year1	IE	non	99232	47.91269864	n	Kilkenny	0	7	5	2	0	0	0	1	5	13	29	12	74	74.57271848
year1	IE	non	88770	48.28892192	n	Westmeath	5	16	4	0	0	0	2	2	7	0	14	13	63	70.96992227
year1	IE	non	84697	49.26744365	n	Laois	3	18	0	0	0	1	1	7	2	0	35	13	80	94.45434903
year1	IE	non	116176	62.55984619	n	Waterford	0	1	2	0	0	0	0	0	0	4	57	38	102	87.79782399
year1	IE	non	149722	63.1781641	n	Wexford	1	17	2	1	1	1	0	7	2	7	64	33	136	90.83501423
year1	IE	non	56932	63.51847269	n	Carlow	0	17	3	2	1	0	0	1	2	12	15	6	59	103.6324036
year1	IE	non	142425	70.32774387	n	Wicklow	1	35	12	3	1	0	0	3	10	9	45	25	144	101.1058452
year1	IE	NPA	194899	70.74564341	n	Limerick	3	22	7	0	0	0	2	1	9	15	99	56	214	109.8004608
year1	IE	NPA	542868	72.3569738	n	Cork	8	36	6	0	0	0	0	11	13	3	193	133	403	74.2353574
year1	IE	non	195044	83.27922226	n	Meath	4	52	6	1	1	0	0	6	8	4	29	30	141	72.29138041
year1	IE	non	222504	131.3418347	n	Kildare	5	131	32	7	3	1	5	11	15	2	40	44	296	133.0313163
year1	IE	non	128884	156.0136826	n	Louth	3	32	13	2	0	0	0	2	9	18	69	32	180	139.6604699
year1	IE	non	1347359	1455.407147	n	Dublin	80	542	190	35	7	2	22	45	42	75	388	236	1664	123.5008635
year1	SC	NPA	26720	8.733453179	y	NHS Western Isles	0	0	0	0	0	0	0	1	0	1	2	3	7	26.19760479
year1	SC	NPA	321700	9.870111541	y	NHS Highland	5	45	15	0	0	0	1	6	7	8	45	32	164	50.97917314
year1	SC	NPA	22920	15.62745031	y	NHS Shetland	0	5	0	0	0	0	0	0	1	0	3	0	9	39.26701571
year1	SC	NPA	22270	22.49949485	y	NHS Orkney	0	1	0	0	0	0	0	0	1	0	0	1	3	13.47103727
year1	SC	NPA	148860	23.16454514	y	NHS Dumfries and Galloway	10	26	4	0	0	0	1	16	12	1	54	16	140	94.04809888
year1	SC	non	115510	24.4117386	y	NHS Borders	9	22	6	2	0	0	1	2	5	18	25	12	102	88.30404294
year1	SC	non	417470	55.46196829	y	NHS Tayside	10	111	79	8	0	1	0	22	50	63	156	73	573	137.2553716
year1	SC	non	585700	67.04533487	n	NHS Grampian	3	73	69	8	0	1	2	11	23	82	142	35	449	76.66040635
year1	SC	non	369360	109.6205898	n	NHS Ayrshire and Arran	13	100	55	6	1	0	1	46	122	104	151	91	690	186.8096166
year1	SC	non	306640	116.0209915	n	NHS Forth Valley	11	82	38	4	0	0	2	12	53	31	88	103	424	138.2728933
year1	SC	non	373550	281.9543197	n	NHS Fife	8	85	28	5	0	0	1	7	29	69	110	29	371	99.31736046
year1	SC	non	661900	295.2538139	n	NHS Lanarkshire	25	194	120	21	1	0	14	100	217	157	263	168	1280	193.3826862
year1	SC	non	907580	526.5331933	n	NHS Lothian	29	276	168	17	0	0	1	56	113	139	191	95	1085	119.5486899
year1	SC	non	1183120	1071.57931	n	NHS Greater Glasgow and Clyde	64	413	253	20	1	2	11	169	346	230	392	248	2149	181.6383799
year1	NI	NPA	117400	41.0920546	y	Fermanagh and Omagh	4	6	0	1	0	0	0	9	7	21	30	5	83	70.69846678
year1	NI	NPA	144800	73.13131313	y	Causeway Coast and Glens	0	24	14	1	0	0	0	5	40	33	32	11	160	110.4972376
year1	NI	NPA	139300	76.24521073	y	Mid Ulster	3	21	6	0	0	0	0	12	39	35	52	26	194	139.2677674
year1	NI	NPA	181400	111.0838947	y	Newry, Mourne and Down	1	22	10	0	0	1	4	11	17	20	54	20	160	88.20286659
year1	NI	NPA	151300	122.2132472	y	Derry City and Strabane	2	18	1	0	0	0	0	26	31	16	32	7	133	87.90482485
year1	NI	NPA	148500	141.9694073	y	Mid and East Antrim	5	22	13	3	0	1	2	2	21	48	58	27	202	136.026936
year1	NI	NPA	216200	161.7053104	n	Armagh City, Banbridge and Craigavon	4	38	17	0	0	0	8	12	29	31	100	38	277	128.1221092
year1	NI	NPA	143500	250.8741259	n	Antrim and Newtownabbey	5	26	24	4	0	2	0	14	17	42	51	10	195	135.8885017
year1	NI	NPA	146000	289.1089109	n	Lisburn and Castlereagh	3	30	13	2	3	0	0	12	24	15	31	9	142	97.26027397
year1	NI	NPA	161700	350.7592191	n	Ards and North Down	4	16	17	7	1	1	0	6	11	19	34	11	127	78.54050711
year1	NI	non	343500	2602.272727	n	Belfast	8	110	41	2	1	0	5	28	62	43	50	29	379	110.3347889
year1	SW	NPA	249516	2.566007466	y	Norrbotten	2	34	13	20	17	3	0	0	17	40	53	21	220	88.17069847
year1	SW	NPA	132179	2.701113722	y	Jämtland Härjedalen	0	16	20	20	4	4	0	3	2	32	8	8	117	88.51633013
year1	SW	NPA	274983	5.030330193	y	Västerbotten	0	16	11	4	0	0	0	0	26	43	20	22	142	51.6395559
year1	SW	non	288464	10.29162653	y	Dalarna	6	108	34	11	15	0	3	9	13	72	28	6	305	105.7324311
year1	SW	NPA	243892	11.3180194	y	Västernorrland	0	45	41	28	18	3	1	2	23	135	81	32	409	167.6971774
year1	SW	non	287634	15.87559333	y	Gävleborg	2	71	36	30	23	2	5	2	41	205	63	19	499	173.4843586
year1	SW	non	283168	16.16347965	y	Värmland	1	14	18	33	7	0	0	3	16	31	36	11	170	60.03503221
year1	SW	non	61009	19.46060606	y	Gotland	0	3	3	0	0	0	0	0	7	26	5	1	45	73.75960924
year1	SW	non	247221	22.14249888	n	Kalmar	1	17	24	12	7	2	1	0	18	58	58	13	211	85.34873656
year1	SW	non	203459	24.15230294	n	Kronoberg	0	26	44	23	6	4	4	18	28	62	63	17	295	144.9923572
year1	SW	non	367705	35.23090927	n	Jönköping	8	78	56	29	9	1	2	2	53	142	93	40	513	139.5140126
year1	SW	non	306984	36.09877705	n	Örebro	0	72	68	26	5	0	1	3	19	39	49	12	294	95.77046361
year1	SW	non	470053	44.5168103	n	Östergötland	11	132	56	33	8	3	4	12	59	104	100	42	564	119.9864696
year1	SW	non	396262	48.38363858	n	Uppsala	8	108	65	46	12	2	1	16	52	93	54	24	481	121.3843366
year1	SW	non	302167	49.73942387	n	Sörmland	20	165	43	16	9	1	0	3	24	47	56	17	401	132.708072
year1	SW	non	158815	54.18457864	n	Blekinge	1	1	3	9	1	2	0	1	5	37	50	7	117	73.67062305
year1	SW	non	279402	54.59202814	n	Västmanland	2	108	38	23	10	2	0	3	28	75	27	15	331	118.467298
year1	SW	non	340840	62.80449604	n	Halland	6	33	16	18	6	3	5	2	26	39	87	32	273	80.09623284
year1	SW	non	1748027	73.44651261	n	Västra Götaland	9	284	306	176	67	11	8	23	163	496	408	174	2125	121.565628
year1	SW	non	1405377	128.1342998	n	Skåne	7	85	104	52	13	10	6	27	174	494	480	144	1596	113.5638338
year1	SW	non	2421325	371.1411711	n	Stockholm	155	1445	522	209	50	10	7	51	347	657	325	135	3913	161.6057324
year2	IE	NPA	32044	20.17845778	y	Leitrim	1	0	0	0	0	0	6	5	4	0	2	0	18	56.17276245
year2	IE	NPA	130507	23.35685212	y	Mayo	16	5	1	1	1	6	5	6	8	4	11	8	72	55.16945451
year2	IE	non	64544	25.3398305	y	Roscommon	1	1	0	0	0	3	10	5	6	3	4	4	37	57.3252355
year2	IE	NPA	147707	30.68924808	y	Kerry	2	0	0	0	0	4	4	17	13	9	15	7	71	48.06813489
year2	IE	NPA	159192	32.75047211	y	Donegal	11	1	3	1	4	13	14	10	17	14	12	3	103	64.70174381
year2	IE	NPA	118817	34.4535393	y	Clare	6	1	0	0	0	3	5	8	6	7	3	6	45	37.87336829
year2	IE	NPA	65535	35.69282687	y	Sligo	3	0	0	0	1	4	10	2	3	2	1	1	27	41.19935912
year2	IE	non	159553	37.07606815	y	Tipperary	12	5	1	1	0	2	2	12	13	3	7	3	61	38.23181012
year2	IE	non	40873	37.46112235	y	Longford	1	2	1	0	0	1	3	7	6	4	0	0	25	61.1650723
year2	IE	non	77961	38.9800193	y	Offaly	10	1	0	2	1	0	1	2	2	4	3	4	30	38.48077885
year2	IE	non	76176	39.44440301	y	Cavan	3	1	0	0	0	1	5	6	2	8	4	1	31	40.69523209
year2	IE	NPA	258058	41.95433086	y	Galway	6	3	3	0	3	4	8	7	8	9	20	12	83	32.16331212
year2	IE	non	61386	47.43293298	y	Monaghan	3	1	0	1	0	2	4	0	0	1	2	3	17	27.69361092
year2	IE	non	99232	47.91269864	n	Kilkenny	2	0	1	0	0	1	3	7	4	3	12	6	39	39.30183812
year2	IE	non	88770	48.28892192	n	Westmeath	7	1	1	2	0	0	6	1	10	5	5	6	44	49.56629492
year2	IE	non	84697	49.26744365	n	Laois	2	4	0	0	0	0	1	5	5	5	3	4	29	34.23970152
year2	IE	non	116176	62.55984619	n	Waterford	8	1	1	0	0	0	1	5	4	10	6	8	44	37.87357113
year2	IE	non	149722	63.1781641	n	Wexford	9	3	1	1	1	0	2	2	6	6	10	6	47	31.39151227
year2	IE	non	56932	63.51847269	n	Carlow	5	5	0	0	0	2	0	5	2	4	2	4	29	50.93796108
year2	IE	non	142425	70.32774387	n	Wicklow	4	1	3	0	0	2	3	2	5	14	4	8	46	32.29770054
year2	IE	NPA	194899	70.74564341	n	Limerick	9	4	2	0	4	3	9	20	11	12	16	9	99	50.79554025
year2	IE	NPA	542868	72.3569738	n	Cork	15	6	1	2	0	4	22	32	32	24	23	20	181	33.34143843
year2	IE	non	195044	83.27922226	n	Meath	9	4	1	0	0	5	10	6	7	11	9	8	70	35.88933779
year2	IE	non	222504	131.3418347	n	Kildare	12	5	8	1	2	1	8	8	8	17	15	7	92	41.34757128
year2	IE	non	128884	156.0136826	n	Louth	12	5	2	0	1	3	6	7	11	6	9	13	75	58.19186245
year2	IE	non	1347359	1455.407147	n	Dublin	89	44	13	9	5	30	40	48	78	70	107	57	590	43.78936868
year2	SC	NPA	26720	8.733453179	y	NHS Western Isles	1	0	1	0	0	4	0	5	3	2	2	0	18	67.36526946
year2	SC	NPA	321700	9.870111541	y	NHS Highland	5	0	0	0	8	7	21	21	17	8	20	17	124	38.54522847
year2	SC	NPA	22920	15.62745031	y	NHS Shetland	0	0	0	0	0	1	1	0	0	0	1	2	5	21.81500873
year2	SC	NPA	22270	22.49949485	y	NHS Orkney	0	0	0	0	1	0	5	0	1	1	1	1	10	44.90345757
year2	SC	NPA	148860	23.16454514	y	NHS Dumfries and Galloway	3	0	0	0	2	4	14	13	7	8	16	14	81	54.41354293
year2	SC	non	115510	24.4117386	y	NHS Borders	1	1	0	0	5	13	9	8	10	5	9	5	66	57.13791014
year2	SC	non	417470	55.46196829	y	NHS Tayside	6	4	1	9	34	17	43	36	34	23	59	35	301	72.10098929
year2	SC	non	585700	67.04533487	n	NHS Grampian	9	3	0	4	9	11	26	30	36	25	30	23	206	35.17158955
year2	SC	non	369360	109.6205898	n	NHS Ayrshire and Arran	21	4	3	5	12	10	66	72	47	29	52	29	350	94.75850119
year2	SC	non	306640	116.0209915	n	NHS Forth Valley	27	0	1	9	13	11	25	34	38	15	29	21	223	72.72371511
year2	SC	non	373550	281.9543197	n	NHS Fife	8	3	0	0	12	12	34	49	33	24	47	34	256	68.53165574
year2	SC	non	661900	295.2538139	n	NHS Lanarkshire	40	12	4	8	32	28	68	66	46	33	85	53	475	71.76310621
year2	SC	non	907580	526.5331933	n	NHS Lothian	29	2	2	9	36	32	91	68	34	43	67	38	451	49.69258908
year2	SC	non	1183120	1071.57931	n	NHS Greater Glasgow and Clyde	69	15	3	15	50	47	165	132	78	56	134	89	853	72.0975049
year2	NI	NPA	117400	41.0920546	y	Fermanagh and Omagh	1	1	1	0	2	13	15	3	8	7	8	2	61	51.95911414
year2	NI	NPA	144800	73.13131313	y	Causeway Coast and Glens	4	1	0	0	6	14	17	9	19	15	5	6	96	66.29834254
year2	NI	NPA	139300	76.24521073	y	Mid Ulster	7	1	1	0	2	12	21	11	21	6	11	15	108	77.53050969
year2	NI	NPA	181400	111.0838947	y	Newry, Mourne and Down	4	0	1	2	2	11	13	9	9	11	13	11	86	47.40904079
year2	NI	NPA	151300	122.2132472	y	Derry City and Strabane	2	1	0	0	4	16	12	10	7	4	13	5	74	48.90945142
year2	NI	NPA	148500	141.9694073	y	Mid and East Antrim	10	4	2	0	0	12	12	4	11	7	6	10	78	52.52525253
year2	NI	NPA	216200	161.7053104	n	Armagh City, Banbridge and Craigavon	7	2	0	0	8	27	30	19	24	9	17	15	158	73.08048104
year2	NI	NPA	143500	250.8741259	n	Antrim and Newtownabbey	8	9	2	0	2	8	13	18	12	7	9	5	93	64.80836237
year2	NI	NPA	146000	289.1089109	n	Lisburn and Castlereagh	4	7	0	0	3	13	17	14	11	6	14	11	100	68.49315068
year2	NI	NPA	161700	350.7592191	n	Ards and North Down	3	1	0	0	0	8	12	11	21	7	8	7	78	48.23747681
year2	NI	non	343500	2602.272727	n	Belfast	7	3	1	0	10	43	28	39	23	21	29	13	217	63.17321689
year2	SW	NPA	249516	2.566007466	y	Norrbotten	19	16	14	3	4	1	12	4	3	2	12	43	133	53.30319499
year2	SW	NPA	132179	2.701113722	y	Jämtland Härjedalen	2	3	2	2	0	1	1	0	1	3	19	10	44	33.28819253
year2	SW	NPA	274983	5.030330193	y	Västerbotten	25	12	2	0	0	0	10	9	2	1	10	43	114	41.45710826
year2	SW	non	288464	10.29162653	y	Dalarna	5	22	11	0	1	1	9	4	1	6	20	40	120	41.59964502
year2	SW	NPA	243892	11.3180194	y	Västernorrland	17	35	9	7	1	1	0	3	2	3	20	43	141	57.81247437
year2	SW	non	287634	15.87559333	y	Gävleborg	27	23	10	1	0	0	3	1	1	10	22	48	146	50.75895061
year2	SW	non	283168	16.16347965	y	Värmland	13	17	12	3	0	2	5	1	3	5	8	39	108	38.13990281
year2	SW	non	61009	19.46060606	y	Gotland	0	5	1	1	0	1	0	0	0	0	1	4	13	21.30833156
year2	SW	non	247221	22.14249888	n	Kalmar	7	16	4	1	0	0	3	1	5	6	10	35	88	35.5956816
year2	SW	non	203459	24.15230294	n	Kronoberg	5	10	9	3	0	0	2	1	2	4	11	21	68	33.42196708
year2	SW	non	367705	35.23090927	n	Jönköping	21	14	7	0	4	1	4	4	0	4	20	43	122	33.17877103
year2	SW	non	306984	36.09877705	n	Örebro	10	23	15	0	0	0	9	2	2	6	18	40	125	40.71873453
year2	SW	non	470053	44.5168103	n	Östergötland	19	29	19	7	0	6	12	4	1	12	22	67	198	42.12290954
year2	SW	non	396262	48.38363858	n	Uppsala	16	25	13	2	2	1	5	1	4	7	28	48	152	38.35845981
year2	SW	non	302167	49.73942387	n	Sörmland	16	31	11	8	3	2	3	4	3	7	23	40	151	49.97236627
year2	SW	non	158815	54.18457864	n	Blekinge	3	8	0	2	0	0	0	1	0	6	6	9	35	22.03822057
year2	SW	non	279402	54.59202814	n	Västmanland	8	7	3	3	1	4	7	5	8	13	21	43	123	44.02259111
year2	SW	non	340840	62.80449604	n	Halland	19	19	8	0	0	2	6	0	2	9	24	42	131	38.43445605
year2	SW	non	1748027	73.44651261	n	Västra Götaland	101	92	40	19	1	7	34	18	20	31	188	206	757	43.30596724
year2	SW	non	1405377	128.1342998	n	Skåne	50	53	49	10	1	5	19	17	15	37	138	219	613	43.61818928
year2	SW	non	2421325	371.1411711	n	Stockholm	140	202	96	15	2	10	63	54	34	58	224	282	1180	48.7336479
