cDate	FaroeIslands	Greenland	Finland	Iceland	Ireland	Norway	Sweden
22/01/2020	NA	NA	NA	NA	NA	NA	NA
23/01/2020	0	0	0	0	0	0	0
24/01/2020	0	0	0	0	0	0	0
25/01/2020	0	0	0	0	0	0	0
26/01/2020	0	0	0	0	0	0	0
27/01/2020	0	0	0	0	0	0	0
28/01/2020	0	0	0	0	0	0	0
29/01/2020	0	0	0.018122508	0	0	0	0
30/01/2020	0	0	0	0	0	0	0
31/01/2020	0	0	0	0	0	0	0
01/02/2020	0	0	0	0	0	0	0.009775171
02/02/2020	0	0	0	0	0	0	0
03/02/2020	0	0	0	0	0	0	0
04/02/2020	0	0	0	0	0	0	0
05/02/2020	0	0	0	0	0	0	0
06/02/2020	0	0	0	0	0	0	0
07/02/2020	0	0	0	0	0	0	0
08/02/2020	0	0	0	0	0	0	0
09/02/2020	0	0	0	0	0	0	0
10/02/2020	0	0	0	0	0	0	0
11/02/2020	0	0	0.018122508	0	0	0	0
12/02/2020	0	0	0	0	0	0	0
13/02/2020	0	0	0	0	0	0	0
14/02/2020	0	0	0	0	0	0	0
15/02/2020	0	0	0	0	0	0	0
16/02/2020	0	0	0	0	0	0	0
17/02/2020	0	0	0	0	0	0	0
18/02/2020	0	0	0	0	0	0	0
19/02/2020	0	0	0	0	0	0	0
20/02/2020	0	0	0	0	0	0	0
21/02/2020	0	0	0	0	0	0	0
22/02/2020	0	0	0	0	0	0	0
23/02/2020	0	0	0.018122508	0	0	0	0
24/02/2020	0	0	0	0	0	0	0
25/02/2020	0	0	0	0	0	0	0
26/02/2020	0	0	0.018122508	0	0	0.018129947	0.009775171
27/02/2020	0	0	0	0	0	0	0.009775171
28/02/2020	0	0	0.018122508	0.294958278	0	0.090649734	0.078201369
29/02/2020	0	0	0.054367524	0	0.020391517	0.163169521	0.029325513
01/03/2020	0	0	0.018122508	0.589916556	0	0.072519787	0
02/03/2020	0	0	0.018122508	0.884874834	0	0.108779681	0.048875855
03/03/2020	0	0	0	1.474791391	0.020391517	0.126909627	0.127077224
04/03/2020	1.918538841	0	0.072490033	4.424374172	0.081566069	0.435118722	0.293255132
05/03/2020	0	0	0.108735049	2.359666225	0	0.562028349	0.244379277
06/03/2020	0	0	0.018122508	2.654624503	0.244698206	0.380728882	0.576735093
07/03/2020	0	0	0.126857557	2.064707947	0	0.707067923	0.322580645
08/03/2020	1.918538841	0	0.126857557	0	0.020391517	0.525768456	0.449657869
09/03/2020	0	0	0.163102573	2.359666225	0.040783034	0.525768456	0.987292278
10/03/2020	0	0	0.308082639	3.24454106	0.265089723	3.535339617	0.957966764
11/03/2020	0	0	0.97861544	4.71933245	0.183523654	3.589729458	1.915933529
12/03/2020	0	0	1.37731062	5.309249007	0	1.885514463	1.476050831
13/03/2020	1.918538841	0	1.087350489	9.143706623	0.958401305	5.330204346	1.485826002
14/03/2020	11.51123304	0	0.507430228	6.489082119	0.795269168	1.704214995	0.694037146
15/03/2020	3.837077682	0	0.525552736	4.424374172	0	2.375023025	0.674486804
16/03/2020	13.42977189	1.754632229	0.960492932	2.654624503	0.815660685	2.030554037	0.811339198
17/03/2020	55.63762638	0	0.942370424	11.79833113	1.101141925	2.356893078	1.163245357
18/03/2020	21.10392725	0	0.851757883	8.848748345	1.407014682	1.577305368	1.417399804
19/03/2020	26.85954377	1.754632229	1.631025734	23.59666225	5.403752039	3.553469564	1.397849462
20/03/2020	15.34831073	0	1.794128307	23.30170397	2.569331158	3.045831055	1.759530792
21/03/2020	23.02246609	0	1.576658209	18.8773298	2.079934747	3.698509138	1.319648094
22/03/2020	44.12639334	3.509264458	1.576658209	28.02103642	2.467373573	4.840695784	1.153470186
23/03/2020	5.755616522	0	1.413555636	5.899165563	4.465742251	4.278667434	1.779081134
24/03/2020	7.674155363	1.754632229	1.522290685	17.69749669	4.159869494	4.387447115	2.248289345
25/03/2020	19.18538841	1.754632229	1.794128307	26.25128676	4.792006525	4.006718233	3.069403715
26/03/2020	15.34831073	0	1.884740848	19.17228808	5.199836868	5.167034825	2.795698925
27/03/2020	7.674155363	7.018528916	2.047843422	25.95632848	6.158238173	6.998159448	3.567937439
28/03/2020	21.10392725	0	1.721638275	21.53195431	5.995106036	4.713786157	2.93255132
29/03/2020	7.674155363	0	1.395433128	16.81262185	4.078303426	4.876955677	2.737047898
30/03/2020	17.26684957	0	1.268575571	19.46724636	6.015497553	2.918921428	4.066471163
31/03/2020	1.918538841	0	2.337803552	14.45295563	6.627243067	3.553469564	4.643206256
01/04/2020	7.674155363	0	2.265313519	25.07145364	4.323001631	4.02484818	4.750733138
02/04/2020	7.674155363	0	2.700253715	29.20086954	8.197389886	5.148904879	5.41544477
03/04/2020	3.837077682	0	2.917723813	13.27312252	8.646003263	4.042978127	5.87487781
04/04/2020	3.837077682	1.754632229	3.606379123	15.63278874	6.74959217	3.263390416	3.48973607
05/04/2020	0	0	1.467923161	20.35212119	7.95269168	2.483802706	3.323558162
06/04/2020	3.837077682	0	2.210945995	22.41682914	7.544861338	3.227130523	3.802541544
07/04/2020	1.918538841	0	3.787604204	7.078998676	7.035073409	4.006718233	7.214076246
08/04/2020	0	0	3.624501631	8.848748345	7.442903752	0	6.402737048
09/04/2020	0	0	2.500906125	9.438664901	10.19575856	2.266243344	6.304985337
10/04/2020	0	0	2.863356289	7.96387351	30.89314845	1.867384516	4.437927664
11/04/2020	0	0	1.286698079	4.129415894	17.10848287	1.722344942	3.861192571
12/04/2020	0	0	1.359188112	3.539499338	14.82463295	2.103073824	4.535679374
13/04/2020	0	0	1.449800652	2.949582782	20.22838499	1.414135847	4.271749756
14/04/2020	0	0	2.120333454	2.654624503	16.96574225	0.362598935	4.68230694
15/04/2020	0	0	3.171438927	2.064707947	21.77814029	2.12120377	5.904203324
16/04/2020	0	0	2.35592606	3.539499338	14.7634584	2.828271694	6.089931574
17/04/2020	0	0	2.174700979	4.424374172	14.45758564	0.743327817	6.725317693
18/04/2020	0	0	2.265313519	1.769749669	15.86460033	1.794864729	5.200391007
19/04/2020	1.918538841	0	1.014860457	3.24454106	10.05301794	0.761457764	3.792766373
20/04/2020	0	0	1.214208046	0.589916556	8.176998369	1.414135847	4.506353861
21/04/2020	0	0	2.591518666	1.474791391	7.911908646	0.634548136	6.911045943
22/04/2020	0	0	2.029720913	2.064707947	12.86704731	2.665102173	7.057673509
23/04/2020	3.837077682	0	2.247191011	1.179833113	19.08646003	1.142186646	7.409579668
24/04/2020	0	0	2.102210946	0	11.76590538	1.124056699	7.61485826
25/04/2020	0	0	1.66727075	0.294958278	7.687601958	0.652678083	4.623655914
26/04/2020	0	0	1.37731062	0.589916556	14.29445351	0.507638509	2.93255132
27/04/2020	0	0	1.322943095	0	7.871125612	1.305356166	5.50342131
28/04/2020	0	0	2.229068503	0.884874834	4.669657423	1.105926752	7.253176931
29/04/2020	0	0	2.519028634	0.589916556	7.66721044	0.906497338	7.80058651
30/04/2020	0	0	1.957230881	0	7.320554649	0.507638509	6.207233627
01/05/2020	0	0	1.558535701	0.294958278	4.506525285	0.815847604	5.200391007
02/05/2020	0	0	0.869880391	0	6.994290375	0.471378616	2.922776149
03/05/2020	0	0	1.051105473	0.294958278	6.729200653	0.688937977	2.551319648
04/05/2020	0	0	1.105472997	0	5.424143556	1.033406965	4.652981427
05/05/2020	0	0	2.410293585	0	4.302610114	0.924627285	6.42228739
06/05/2020	0	0	2.265313519	0	5.403752039	0.743327817	7.292277615
07/05/2020	0	0	1.721638275	0.589916556	2.793637847	0.688937977	7.693059629
08/05/2020	0	0	1.957230881	0	3.181076672	0.652678083	6.842619746
09/05/2020	0	0	1.467923161	0	4.465742251	0.525768456	4.975562072
10/05/2020	0	0	0.851757883	0	4.812398042	0.108779681	2.717497556
11/05/2020	0	0	0.507430228	0	2.834420881	0.489508562	4.447702835
12/05/2020	0	0	1.66727075	0	2.181892333	0.453248669	7.370478983
13/05/2020	0	0	1.214208046	0.294958278	3.242251223	0.326339042	6.842619746
14/05/2020	0	0	1.413555636	0	8.686786297	0.380728882	6.451612903
15/05/2020	0	0	0.906125408	0	2.63050571	0.416988775	6.725317693
16/05/2020	0	0	0.996737949	0	1.876019576	0.326339042	3.499511241
17/05/2020	0	0	0.453062704	0	1.305057096	0.217559361	2.531769306
18/05/2020	0	0	0.525552736	0	1.794453507	0.145039574	4.213098729
19/05/2020	0	0	0.815512867	0	1.039967374	0.181299468	6.520039101
20/05/2020	0	0	0.743022834	0.294958278	1.305057096	0.253819255	7.898338221
21/05/2020	0	0	0.779267851	0	1.549755302	0.507638509	5.96285435
22/05/2020	0	0	0.398695179	0	2.34502447	0.416988775	5.200391007
23/05/2020	0	0	0.579920261	0.294958278	1.549755302	0.253819255	3.939393939
24/05/2020	0	1.754632229	0.326205147	0	1.162316476	0.108779681	2.052785924
25/05/2020	0	0	0.362450163	0	1.203099511	0.217559361	4.789833822
26/05/2020	0	0	0.815512867	0	0.754486134	0.344468988	7.292277615
27/05/2020	0	1.754632229	0.598042769	0.294958278	1.386623165	0.326339042	7.820136852
28/05/2020	0	0	0.217470098	0	0.774877651	0.181299468	7.565982405
29/05/2020	0	0	0.543675245	0	0.7137031	0.199429414	7.556207234
30/05/2020	0	0	0.380572671	0.294958278	1.080750408	0.271949201	4.2228739
31/05/2020	0	0	0.181225082	0	1.243882545	0.05438984	2.590420332
01/06/2020	0	0	0.217470098	0	1.468189233	0.108779681	6.33431085
02/06/2020	0	0	0.308082639	0	0.081566069	0.163169521	8.80742913
03/06/2020	0	0	0.271837622	0	0.917618271	0.398858829	10.22482893
04/06/2020	0	0	0.453062704	0	0.632137031	0.489508562	10.15640274
05/06/2020	0	0	0.217470098	0	0.42822186	0.326339042	11.20234604
06/06/2020	0	0	0.235592606	0	0.407830343	0.163169521	7.653958944
07/06/2020	0	0	0.235592606	0.294958278	0.367047308	0.290079148	4.516129032
08/06/2020	0	0	0.072490033	0	0.122349103	0.253819255	6.617790811
09/06/2020	0	0	0.181225082	0	0.163132137	0.271949201	9.149560117
10/06/2020	0	0	0.144980065	0	0.326264274	0.326339042	14.04692082
11/06/2020	0	0	0.126857557	0	0.14274062	0.253819255	12.64907136
12/06/2020	0	0	0.163102573	0	0.244698206	0.217559361	13.06940371
13/06/2020	0	0	0.235592606	0.294958278	0.917618271	0.145039574	10.18572825
14/06/2020	0	0	0.036245016	0.589916556	0.163132137	0.05438984	4.086021505
15/06/2020	0	0	0.090612541	0.294958278	0.367047308	0.290079148	6.686217009
16/06/2020	0	0	0.28996013	0.294958278	0.265089723	0.235689308	11.90615836
17/06/2020	0	0	0.144980065	0	0.14274062	0.580158296	14.24242424
18/06/2020	0	0	0.072490033	0.589916556	0.28548124	0.290079148	14.62365591
19/06/2020	0	0	0.144980065	0.294958278	0.265089723	0.326339042	11.8572825
20/06/2020	0	0	0	0	0.122349103	0.290079148	6.862170088
21/06/2020	0	0	0.036245016	0	0.101957586	0.05438984	3.137829912
22/06/2020	0	0	0.235592606	0	0.081566069	0.108779681	7.820136852
23/06/2020	0	0	0.090612541	0	0.163132137	0.380728882	12.82502444
24/06/2020	0	0	0.090612541	0.589916556	0.101957586	0.290079148	16.59824047
25/06/2020	0	0	0.308082639	0.294958278	0.183523654	0	12.52199413
26/06/2020	0	0	0.253715114	0.589916556	0.183523654	0.797717657	11.75953079
27/06/2020	0	0	0.054367524	0	0.469004894	0.253819255	7.42913001
28/06/2020	0	0	0.036245016	0.294958278	0.040783034	0.163169521	4.105571848
29/06/2020	0	0	0.126857557	0.294958278	0.469004894	0.126909627	7.106549365
30/06/2020	0	0	0.28996013	0.589916556	0.224306688	0.308209095	7.869012708
01/07/2020	0	0	0.181225082	0.294958278	0.081566069	0.308209095	6.686217009
02/07/2020	0	0	0.036245016	1.474791391	0.244698206	0.108779681	6.735092864
03/07/2020	0	0	0.126857557	0	0.183523654	0.344468988	6.832844575
04/07/2020	0	0	0.108735049	0	0.224306688	0.090649734	3.616813294
05/07/2020	1.918538841	0	0.036245016	0	0.367047308	0.072519787	3.079178886
06/07/2020	0	0	0.054367524	0.589916556	0.081566069	0.108779681	2.453567937
07/07/2020	0	0	0.144980065	0.294958278	0.14274062	0.199429414	2.717497556
08/07/2020	0	0	0.054367524	0	0.081566069	0.05438984	5.249266862
09/07/2020	0	0	0.163102573	0	0.469004894	0.271949201	3.274682307
10/07/2020	0	0	0.144980065	0	0.489396411	0.163169521	3.685239492
11/07/2020	0	0	0.108735049	0	0.448613377	0.05438984	3.069403715
12/07/2020	0	0	0	0	0.346655791	0.072519787	1.036168133
13/07/2020	0	0	0.072490033	0	0.203915171	0.05438984	1.661779081
14/07/2020	0	0	0.108735049	0.589916556	0.652528548	0.308209095	3.079178886
15/07/2020	0	0	0.090612541	0	0.265089723	0.181299468	2.922776149
16/07/2020	0	0	0.090612541	0.294958278	0.305872757	0.072519787	2.668621701
17/07/2020	0	0	0.163102573	0	0.652528548	0.181299468	2.922776149
18/07/2020	0	0	0.108735049	0.589916556	0.407830343	0.05438984	1.955034213
19/07/2020	5.755616522	0	0.126857557	0.294958278	0.203915171	0	1.075268817
20/07/2020	0	0	0.090612541	0	0.122349103	0.108779681	1.28054741
21/07/2020	0	0	0.217470098	0	0.734094617	0.344468988	2.209188661
22/07/2020	0	0	0.144980065	0.294958278	0.346655791	0.108779681	2.903225806
23/07/2020	0	0	0.19934759	0.294958278	0.14274062	0.471378616	2.150537634
24/07/2020	0	0	0.054367524	0.589916556	0.387438825	0.126909627	2.561094819
25/07/2020	1.918538841	0	0.181225082	0	0.489396411	0.344468988	1.348973607
26/07/2020	42.2078545	0	0.072490033	1.179833113	0.244698206	0.108779681	0.410557185
27/07/2020	0	1.754632229	0.144980065	2.064707947	0.224306688	0.271949201	0.694037146
28/07/2020	11.51123304	0	0.217470098	0.884874834	0.754486134	0.326339042	2.766373412
29/07/2020	0	0	0.163102573	1.179833113	0.265089723	0.398858829	2.942326491
30/07/2020	9.592694204	0	0.217470098	3.24454106	1.733278956	0.652678083	2.952101662
31/07/2020	0	0	0.144980065	3.834457616	0.774877651	0.580158296	2.521994135
01/08/2020	0	0	0.326205147	2.359666225	0.897226754	0.235689308	2.961876833
02/08/2020	0	0	0.271837622	4.129415894	1.080750408	0.271949201	0.3714565
03/08/2020	0	0	0.181225082	2.359666225	0.938009788	1.196576486	1.612903226
04/08/2020	3.837077682	0	0.634287785	0.884874834	0.917618271	0.507638509	3.264907136
05/08/2020	26.85954377	0	0.398695179	2.359666225	1.019575856	0.852107498	4.154447703
06/08/2020	47.96347102	0	0.525552736	1.769749669	1.407014682	1.069666859	3.695014663
07/08/2020	47.96347102	0	0.398695179	5.899165563	1.998368679	1.504785581	3.714565005
08/08/2020	7.674155363	0	0.308082639	0.884874834	3.54812398	0.870237444	2.541544477
09/08/2020	15.34831073	0	0.163102573	0.884874834	1.386623165	0.707067923	0.713587488
10/08/2020	5.755616522	0	0.634287785	1.179833113	1.141924959	0.833977551	1.915933529
11/08/2020	23.02246609	0	0.271837622	1.769749669	0.672920065	1.214706433	4.076246334
12/08/2020	40.28931566	0	0.507430228	1.179833113	0.754486134	0.580158296	4.340175953
13/08/2020	44.12639334	0	0.48930772	1.179833113	1.855628059	1.232836379	3.538611926
14/08/2020	5.755616522	0	0.380572671	2.064707947	1.345840131	1.033406965	3.362658847
15/08/2020	9.592694204	0	0.48930772	4.71933245	3.996737357	1.033406965	2.209188661
16/08/2020	3.837077682	0	0.253715114	3.539499338	1.345840131	0.72519787	0.615835777
17/08/2020	1.918538841	0	0.779267851	0.884874834	1.141924959	0.997147072	1.700879765
18/08/2020	7.674155363	0	0.48930772	3.834457616	3.792822186	0.924627285	3.069403715
19/08/2020	9.592694204	0	0.706777818	2.359666225	0.978792822	0.924627285	3.431085044
20/08/2020	1.918538841	0	0.851757883	1.474791391	2.63050571	0.634548136	3.255131965
21/08/2020	1.918538841	0	0.48930772	2.949582782	1.610929853	1.414135847	2.913000978
22/08/2020	0	0	0.453062704	2.359666225	3.119902121	0.435118722	1.56402737
23/08/2020	0	0	0.28996013	1.769749669	1.243882545	0.435118722	0.557184751
24/08/2020	49.88200986	0	0.19934759	2.654624503	2.997553018	1.305356166	1.779081134
25/08/2020	1.918538841	0	0.308082639	1.179833113	1.733278956	1.069666859	2.19941349
26/08/2020	0	0	0.271837622	1.474791391	3.303425775	0.906497338	2.404692082
27/08/2020	0	0	0.362450163	1.474791391	1.835236542	0.688937977	1.309872923
28/08/2020	0	0	0.579920261	1.474791391	2.548939641	0.72519787	0
29/08/2020	0	0	0.634287785	2.359666225	2.895595432	0.525768456	0
30/08/2020	0	0	0.344327655	1.474791391	0.815660685	0.580158296	0
31/08/2020	0	0	0.326205147	0.589916556	1.039967374	2.520062599	4.115347019
01/09/2020	0	0	0.869880391	2.654624503	4.363784666	1.613565261	1.388074291
02/09/2020	0	0	0.525552736	1.474791391	1.814845024	2.955181321	0.107526882
03/09/2020	1.918538841	0	0.471185212	2.064707947	1.876019576	1.559175421	1.9257087
04/09/2020	1.918538841	0	0.652410294	2.064707947	1.977977162	2.01242409	2.502443793
05/09/2020	0	0	0.761145343	0.294958278	4.710440457	1.178446539	0
06/09/2020	0	0	0.398695179	1.474791391	2.814029364	1.667955102	0
07/09/2020	0	0	0.598042769	0.589916556	2.079934747	2.411282919	5.601173021
08/09/2020	1.918538841	0	0.815512867	2.064707947	6.239804241	1.849254569	1.456500489
09/09/2020	1.918538841	0	1.032982965	0.884874834	1.712887439	2.229983451	1.691104594
10/09/2020	0	0	0.996737949	1.179833113	3.996737357	2.193723557	3.069403715
11/09/2020	1.918538841	0	0.97861544	1.179833113	4.302610114	2.465672759	3.040078201
12/09/2020	3.837077682	0	1.051105473	0.294958278	3.242251223	1.377875953	0
13/09/2020	9.592694204	0	0.724900326	0.884874834	5.199836868	1.359746007	0
14/09/2020	0	0	0.815512867	0.884874834	4.221044046	2.211853504	0
15/09/2020	9.592694204	0	1.069227981	1.769749669	7.279771615	2.12120377	8.211143695
16/09/2020	0	0	0.960492932	4.424374172	5.097879282	1.903644409	2.248289345
17/09/2020	1.918538841	0	1.051105473	5.014290729	4.567699837	2.646972226	3.03030303
18/09/2020	1.918538841	0	1.540413193	7.078998676	5.057096248	2.266243344	3.440860215
19/09/2020	1.918538841	0	1.395433128	22.71178742	5.444535073	1.613565261	0
20/09/2020	5.755616522	0	1.159840522	0	8.054649266	0.707067923	0
21/09/2020	5.755616522	0	1.341065603	20.64707947	3.83360522	1.95803425	0
22/09/2020	21.10392725	0	2.174700979	12.38824768	6.586460033	2.68323212	11.72043011
23/09/2020	5.755616522	0	1.993475897	16.81262185	4.710440457	2.248113398	3.128054741
24/09/2020	7.674155363	0	2.138455962	10.61849801	6.504893964	2.338763132	5.210166178
25/09/2020	5.755616522	0	1.776005799	14.45295563	6.545676998	2.520062599	6.197458456
26/09/2020	3.837077682	0	2.319681044	11.79833113	4.995921697	1.486655634	0
27/09/2020	0	0	1.341065603	6.489082119	8.768352365	1.28722622	0
28/09/2020	0	0	1.286698079	11.79833113	7.891517129	1.631695208	0
29/09/2020	5.755616522	0	2.247191011	9.438664901	7.402120718	2.302503238	15.08308895
30/09/2020	7.674155363	0	2.428416093	9.733623179	8.462479608	2.030554037	3.880742913
01/10/2020	9.592694204	0	3.04458137	12.0932894	9.013050571	2.211853504	7.350928641
02/10/2020	0	0	3.461399058	11.79833113	9.502446982	2.447542812	6.529814272
03/10/2020	1.918538841	0	3.388909025	18.58237152	12.33686786	1.414135847	0
04/10/2020	1.918538841	0	3.225806452	14.45295563	7.422512235	1.722344942	0
05/10/2020	1.918538841	0	2.682131207	17.40253841	10.54241436	2.68323212	0
06/10/2020	0	0	5.273649873	29.79078609	8.646003263	3.245260469	18.20136852
07/10/2020	1.918538841	1.754632229	5.454874955	26.84120331	12.45921697	4.151757807	5.200391007
08/10/2020	1.918538841	0	5.545487495	28.02103642	10.2365416	3.771028925	8.357771261
09/10/2020	0	1.754632229	4.693729612	31.26557748	12.58156607	3.027701108	8.983382209
10/10/2020	0	0	4.095686843	25.6613702	20.61582382	1.414135847	0
11/10/2020	0	0	2.011598405	19.46724636	16.59869494	1.051536912	0
12/10/2020	0	0	2.392171076	16.51766358	16.7822186	2.084943877	0
13/10/2020	0	0	4.639362088	25.36641192	16.47634584	2.7920118	21.53470186
14/10/2020	1.918538841	0	3.606379123	26.25128676	22.10440457	2.900791481	6.627565982
15/10/2020	3.837077682	0	3.660746647	23.59666225	24.18433931	3.335910203	10.5083089
16/10/2020	3.837077682	0	3.461399058	27.13616159	20.35073409	2.447542812	7.751710655
17/10/2020	1.918538841	0	3.53388909	20.35212119	25.50978793	1.758604835	0
18/10/2020	3.837077682	0	1.884740848	16.81262185	26.18270799	1.595435315	0
19/10/2020	0	0	2.337803552	13.56808079	21.02365416	2.646972226	0
20/10/2020	5.755616522	0	4.403769482	27.13616159	25.75448613	3.063961002	31.08504399
21/10/2020	0	0	3.026458862	10.91345629	23.77650897	3.480949777	9.530791789
22/10/2020	3.837077682	1.754632229	3.407031533	11.20841457	21.49265905	4.895085624	15.7771261
23/10/2020	0	0	4.041319319	11.79833113	16.00734095	5.402724133	15.88465298
24/10/2020	0	0	3.515766582	25.36641192	17.27161501	3.934198446	0
25/10/2020	0	0	1.939108373	15.92774702	20.79934747	2.900791481	0
26/10/2020	0	0	2.247191011	16.51766358	19.14763458	7.850266945	0
27/10/2020	7.674155363	0	4.62123958	20.64707947	14.27406199	5.874102749	50.742913
28/10/2020	0	0	4.240666908	28.61095298	13.60114192	7.306368543	20.80156403
29/10/2020	0	0	4.349401957	14.15799735	17.59787928	8.974323644	31.80840665
30/10/2020	0	0	4.276911925	23.0067457	15.53833605	9.028713484	31.16324536
31/10/2020	1.918538841	0	3.986951794	20.05716291	8.0954323	4.876955677	0
01/11/2020	0	0	2.192823487	7.373956954	11.13376835	5.511503814	0
02/11/2020	0	0	2.736498731	12.0932894	15.25285481	12.76348252	0
03/11/2020	0	0	5.201159841	7.668915232	6.076672104	11.18617715	99.48191593
04/11/2020	0	0	4.367524465	9.438664901	8.870309951	11.27682688	31.26099707
05/11/2020	0	0	3.878216745	8.258831788	11.48042414	11.80259534	39.43304008
06/11/2020	0	0	3.950706778	6.489082119	10.03262643	10.98674773	45.91397849
07/11/2020	0	0	3.552011598	7.078998676	6.46411093	7.397018276	0
08/11/2020	3.837077682	0	2.319681044	4.424374172	10.99102773	8.865543964	0
09/11/2020	0	0	2.392171076	6.784040397	5.403752039	10.75105843	0
10/11/2020	0	0	4.947444726	3.834457616	4.69004894	10.18903008	154.2424242
11/11/2020	0	0	3.73323668	8.258831788	7.300163132	11.31308678	43.66568915
12/11/2020	0	1.754632229	5.346139906	5.309249007	7.850734095	12.99917182	45.53274682
13/11/2020	0	0	5.146792316	2.949582782	9.522838499	12.47340337	58.55327468
14/11/2020	0	0	4.856832186	4.71933245	8.707177814	9.39131242	0
15/11/2020	1.918538841	0	2.627763682	0.884874834	7.687601958	0	0
16/11/2020	0	0	3.262051468	4.71933245	9.237357259	0	0
17/11/2020	0	0	7.122145705	2.949582782	6.729200653	30.45831055	147.4486804
18/11/2020	0	0	7.031533164	3.24454106	7.585644372	11.89324507	39.16911046
19/11/2020	0	0	6.832185574	1.474791391	8.462479608	12.16519427	45.05376344
20/11/2020	0	0	8.662558898	5.899165563	6.708809135	10.38845949	70.77223851
21/11/2020	1.918538841	0	7.75643349	5.309249007	6.953507341	6.127922004	0
22/11/2020	1.918538841	0	4.893077202	2.359666225	6.484502447	7.48766801	0
23/11/2020	0	0	4.838709677	3.539499338	5.097879282	7.578317744	0
24/11/2020	0	0	9.13374411	2.654624503	4.465742251	9.681391568	168.7683284
25/11/2020	0	0	8.535701341	4.129415894	5.240619902	9.989600663	48.42619746
26/11/2020	0	0	11.21783255	3.24454106	6.260195759	8.702374443	57.09677419
27/11/2020	0	0	9.242479159	6.784040397	4.180261011	8.067826306	66.2170088
28/11/2020	3.837077682	0	8.263863719	7.373956954	4.955138662	6.399871205	0
29/11/2020	0	0	5.146792316	2.949582782	6.097063622	5.112644985	0
30/11/2020	1.918538841	0	5.309894889	3.24454106	6.17862969	5.837842855	0
01/12/2020	0	0	10.80101486	6.194123841	5.179445351	7.995306519	172.3264907
02/12/2020	0	0	7.973903588	0	5.464926591	6.853119874	52.78592375
03/12/2020	3.837077682	0	8.970641537	10.32353974	3.303425775	7.288238596	63.39198436
04/12/2020	0	0	8.662558898	4.129415894	5.362969005	7.795877105	61.28054741
05/12/2020	1.918538841	0	8.571946357	4.129415894	9.318923328	4.931345518	0
06/12/2020	7.674155363	0	4.530627039	1.769749669	6.076672104	4.532486689	0
07/12/2020	0	0	5.128669808	4.129415894	4.526916803	6.889379767	0
08/12/2020	7.674155363	1.754632229	10.63791229	2.949582782	4.363784666	8.339775508	183.9687195
09/12/2020	9.592694204	0	8.662558898	2.949582782	4.445350734	6.563040726	69.02248289
10/12/2020	0	0	8.372598768	2.359666225	6.17862969	9.028713484	77.5659824
11/12/2020	1.918538841	0	7.375860819	4.424374172	6.199021207	7.54205785	72.04301075
12/12/2020	9.592694204	0	8.100761145	3.834457616	5.077487765	6.599300619	0
13/12/2020	5.755616522	0	4.512504531	1.474791391	8.747960848	3.625989351	0
14/12/2020	0	0	5.001812251	2.064707947	5.383360522	6.001012376	0
15/12/2020	3.837077682	0	8.390721276	2.064707947	6.668026101	9.39131242	204.6041056
16/12/2020	3.837077682	0	6.524102936	2.064707947	8.584828711	8.339775508	73.86119257
17/12/2020	3.837077682	0	6.379122871	2.949582782	9.808319739	8.412295295	86.81329423
18/12/2020	0	0	5.88981515	4.71933245	11.74551387	7.814007052	94.36950147
19/12/2020	9.592694204	0	7.140268213	5.014290729	10.64437194	6.798730033	0
20/12/2020	13.42977189	0	3.461399058	6.194123841	15.61990212	5.855972802	0
21/12/2020	1.918538841	10.52779337	4.42189199	4.129415894	14.78384992	7.814007052	0
22/12/2020	5.755616522	0	6.795940558	3.24454106	19.59624796	10.80544827	218.172043
23/12/2020	11.51123304	0	6.016672708	4.71933245	18.90293638	9.481962153	64.60410557
24/12/2020	9.592694204	0	5.019934759	0	18.71941272	8.629854656	0
25/12/2020	11.51123304	1.754632229	2.500906125	0	20.90130506	5.747193122	0
26/12/2020	7.674155363	0	2.84523378	0	26.4274062	7.795877105	0
27/12/2020	15.34831073	0	3.316418992	0	14.98776509	6.907509714	0
28/12/2020	5.755616522	0	3.461399058	12.68320596	15.5995106	9.536351994	0
29/12/2020	36.45223798	0	7.883291047	2.949582782	31.50489396	12.5640531	317.5464321
30/12/2020	7.674155363	1.754632229	5.581732512	5.309249007	35.03262643	13.27112103	86.47116325
31/12/2020	9.592694204	0	4.62123958	0	33.07504078	10.09838034	0
01/01/2021	0	0	4.603117071	0	35.74632953	4.278667434	0
02/01/2021	7.674155363	0	2.319681044	0	69.20880914	8.394165348	0
03/01/2021	11.51123304	0	3.715114172	0	101.1623165	8.15847604	0
04/01/2021	3.837077682	0	3.062703878	12.0932894	124.5921697	9.590741834	0
05/01/2021	7.674155363	1.754632229	7.194635738	4.71933245	108.5848287	16.95150022	316.4125122
06/01/2021	26.85954377	0	4.748097137	6.194123841	159.7063622	14.2682681	0
07/01/2021	5.755616522	-1.754632229	3.769481696	3.834457616	132.6060359	14.95720607	122.5415445
08/01/2021	1.918538841	3.509264458	6.016672708	6.489082119	167.7610114	12.40088358	70.25415445
09/01/2021	3.837077682	0	4.566872055	3.834457616	98.75611746	8.031566413	0
10/01/2021	0	0	3.497644074	2.949582782	140.4159869	10.06212045	0
11/01/2021	0	0	3.407031533	2.359666225	100.4486134	7.777747158	0
12/01/2021	0	0	6.995288148	4.129415894	62.23491028	12.90852209	170.0391007
13/01/2021	1.918538841	0	4.150054368	6.784040397	72.45106036	12.09267449	52.17008798
14/01/2021	0	1.754632229	4.675607104	3.834457616	79.79200653	8.230995827	64.32062561
15/01/2021	1.918538841	0	4.494382022	2.359666225	71.1867863	8.448555188	45.97262952
16/01/2021	1.918538841	0	4.820587169	0	65.90538336	4.405577062	0
17/01/2021	0	0	3.098948895	0	60.07340946	3.734769032	0
18/01/2021	0	0	3.588256615	4.129415894	43.16884176	6.943769608	0
19/01/2021	1.918538841	0	8.100761145	0	40.70146819	7.650837531	95.59139785
20/01/2021	3.837077682	0	6.197897789	1.474791391	50.67292007	7.814007052	45.96285435
21/01/2021	0	0	7.357738311	1.769749669	52.9771615	6.744340193	48.72922776
22/01/2021	0	0	6.832185574	0	48.06280587	5.547763707	41.19257087
23/01/2021	0	0	6.542225444	0	38.84584013	4.314927328	0
24/01/2021	0	0	3.04458137	0	27.93637847	5.058255145	0
25/01/2021	0	0	4.476259514	2.654624503	27.91598695	4.224277594	0
26/01/2021	3.837077682	0	10.96411743	0.589916556	18.9233279	5.058255145	89.17888563
27/01/2021	0	0	7.194635738	2.359666225	27.1411093	6.653690459	40.88954057
28/01/2021	0	0	6.922798115	0.294958278	29.83278956	5.710933228	39.9315738
29/01/2021	0	0	7.883291047	0.294958278	25.42822186	5.42085408	23.46041056
30/01/2021	0	0	6.868430591	0	28.77243067	3.952328393	0
31/01/2021	0	0	4.240666908	0	25.36704731	3.136480789	0
01/02/2021	0	0	4.965567235	2.064707947	20.51386623	5.36646424	0
02/02/2021	0	0	9.659296847	0.589916556	17.76101142	5.275814506	94.32062561
03/02/2021	0	0	7.176513229	0.589916556	20.51386623	5.185164772	42.13098729
04/02/2021	1.918538841	0	7.992026096	0.884874834	26.79445351	6.76247014	36.73509286
05/02/2021	0	0	6.741573034	1.474791391	20.77895595	4.913215571	33.11827957
06/02/2021	0	0	6.632837985	0	16.00734095	3.082090949	0
07/02/2021	1.918538841	0	4.295034433	0	20.79934747	2.157463664	0
08/02/2021	0	0	4.784342153	-0.294958278	16.9045677	6.272961578	0
09/02/2021	1.918538841	0	8.35447626	1.474791391	11.0725938	3.988588286	79.29618768
10/02/2021	0	0	6.759695542	0.294958278	20.37112561	3.789158872	39.78494624
11/02/2021	0	0	6.940920623	0	17.57748777	4.786305944	42.35581623
12/02/2021	0	0	6.542225444	2.064707947	18.73980424	7.705227371	37.47800587
13/02/2021	0	0	7.557085901	0	21.94127243	2.828271694	0
14/02/2021	0	0	5.056179775	0	16.02773246	1.976164196	0
15/02/2021	0	0	5.092424792	1.769749669	16.72104405	6.399871205	0
16/02/2021	1.918538841	0	11.18158753	0	14.49836868	5.185164772	92.45356794
17/02/2021	0	0	9.296846684	1.474791391	13.00978793	6.490520939	41.37829912
18/02/2021	0	0	10.02174701	0	18.27079935	5.910362642	48.09384164
19/02/2021	0	0	11.12722001	0.294958278	15.3548124	5.130774932	40.5083089
20/02/2021	0	0	10.36607466	0	19.94290375	3.771028925	0
21/02/2021	0	0	5.762957593	0	13.84584013	3.934198446	0
22/02/2021	0	0	6.433490395	1.179833113	13.98858075	4.097367967	0
23/02/2021	0	0	11.29032258	0	11.35807504	7.070679235	106.8719453
24/02/2021	0	0	11.3265676	0	11.01141925	6.182311844	52.50244379
25/02/2021	0	0	10.85538238	0	13.00978793	9.989600663	48.82697947
26/02/2021	0	0	11.39905763	0	15.76264274	9.5000921	47.35092864
27/02/2021	0	0	12.46828561	0	14.86541599	4.75004605	0
28/02/2021	0	0	7.339615803	0	12.47960848	3.263390416	0
01/03/2021	0	0	7.647698441	1.474791391	13.88662316	13.21673119	0
02/03/2021	0	0	15.7847046	0.294958278	7.279771615	9.046843431	115.3861193
03/03/2021	0	0	13.70061617	0.884874834	11.39885808	12.49153331	60.40078201
04/03/2021	0	1.754632229	13.28379848	0	9.380097879	10.33406965	47.29227761
05/03/2021	0	0	11.5621602	0.294958278	10.60358891	12.50966326	47.22385142
06/03/2021	0	0	11.41718014	0	10.80750408	6.581170672	0
07/03/2021	0	0	7.847046031	0	10.60358891	7.179458915	0
08/03/2021	3.837077682	0	7.176513229	1.474791391	8.8091354	15.01159591	0
09/03/2021	0	0	15.1141718	0.884874834	6.239804241	12.94478198	107.6637341
10/03/2021	0	0	13.97245379	0.589916556	12.86704731	12.41901353	57.83968719
11/03/2021	0	0	14.8967017	0.294958278	12.05138662	15.80931357	51.80840665
12/03/2021	0	0	14.13555636	0.589916556	13.07096248	16.40760181	52.15053763
13/03/2021	0	0	14.64298659	0	10.97063622	15.48297453	0
14/03/2021	1.918538841	0	8.970641537	0	7.80995106	11.60316592	0
15/03/2021	0	0	7.883291047	3.24454106	11.72512235	15.68240394	0
16/03/2021	0	0	16.16527727	1.179833113	7.075856444	20.84943877	124.7507331
17/03/2021	0	0	13.89996375	0.589916556	11.25611746	19.29026335	66.285435
18/03/2021	0	0	13.46502356	0.589916556	11.84747145	18.74636495	63.21603128
19/03/2021	0	0	13.39253353	1.769749669	10.39967374	17.93051734	56.06060606
20/03/2021	0	0	13.50126858	0	10.70554649	14.86655634	0
21/03/2021	0	0	7.321493295	0	15.66068515	10.46097928	0
22/03/2021	0	0	7.611453425	6.489082119	10.60358891	19.87042164	0
23/03/2021	0	0	13.91808626	0.884874834	7.442903752	19.67099223	137.4682307
24/03/2021	0	0	12.74012323	6.489082119	13.86623165	17.83986761	74.77028348
25/03/2021	0	0	12.59514317	4.129415894	12.11256117	15.06598575	75.32746823
26/03/2021	0	0	10.98223994	1.474791391	11.60277325	19.43530292	61.8572825
27/03/2021	0	0	12.46828561	0	12.43882545	8.376035401	0
28/03/2021	0	0	6.379122871	0	12.31647635	12.34649374	0
29/03/2021	0	0	6.795940558	5.899165563	10.9502447	17.93051734	0
30/03/2021	0	0	11.87024284	3.24454106	7.463295269	19.38091308	160.5767351
31/03/2021	0	0	10.36607466	3.24454106	8.360522023	15.79118362	82.51221896
01/04/2021	0	0	9.967379485	0	15.21207178	12.52779321	81.1827957
02/04/2021	0	0	8.807538963	0	11.96982055	11.60316592	0
03/04/2021	0	0	6.542225444	5.899165563	10.3588907	12.54592316	0
04/04/2021	0	0	5.871692642	0	9.237357259	10.40658944	0
05/04/2021	0	0	5.835447626	0	6.484502447	10.38845949	0
06/04/2021	0	0	6.524102936	4.71933245	8.992659054	16.31695208	213.1182796
07/04/2021	0	0	9.858644436	2.949582782	8.52365416	16.91524032	66.60801564
08/04/2021	0	0	7.720188474	1.474791391	8.115823817	15.91809325	76.46138807
09/04/2021	0	0	7.375860819	0.589916556	9.563621533	13.76062959	75.97262952
10/04/2021	0	0	6.379122871	0	9.196574225	4.623136423	0
11/04/2021	0	0	4.113809351	0	6.158238173	11.73007555	0
12/04/2021	0	0	4.349401957	2.654624503	7.850734095	11.7482055	0
13/04/2021	0	0	7.230880754	2.064707947	7.218597064	13.39803065	186.7546432
14/04/2021	1.918538841	0	5.853570134	0.294958278	8.584828711	10.85983811	86.79374389
15/04/2021	0	0	6.234142805	1.179833113	6.056280587	11.18617715	69.35483871
16/04/2021	0	0	4.965567235	2.064707947	8.503262643	9.119363218	74.85826002
17/04/2021	0	0	4.802464661	0	8.544045677	7.560187797	0
18/04/2021	0	0	3.117071403	0	5.505709625	6.635560513	0
19/04/2021	0	0	2.827111272	12.68320596	8.217781403	9.39131242	0
20/04/2021	1.918538841	0	5.183037332	6.194123841	7.871125612	5.692803281	163.1671554
21/04/2021	0	0	5.183037332	3.539499338	8.115823817	14.41330767	73.4115347
22/04/2021	0	0	4.2225444	5.014290729	12.54078303	8.04969636	75.62072336
23/04/2021	0	0	4.639362088	3.24454106	8.829526917	8.702374443	61.26099707
24/04/2021	0	0	4.62123958	0	9.400489396	5.964752483	0
25/04/2021	0	0	2.790866256	0	8.747960848	4.02484818	0
26/04/2021	0	0	2.537151142	11.50337285	8.890701468	9.971470716	0
27/04/2021	0	0	4.385646974	5.309249007	8.564437194	9.5000921	145.7575758
28/04/2021	0	0	4.150054368	2.654624503	7.504078303	8.521074975	71.02639296
29/04/2021	0	0	4.965567235	2.949582782	9.563621533	6.980029501	69.97067449
30/04/2021	1.918538841	0	3.642624139	1.769749669	11.09298532	7.777747158	57.92766373
01/05/2021	0	0	3.570134107	0	11.56199021	5.239554612	0
02/05/2021	0	0	1.975353389	0	8.176998369	3.807288819	0
03/05/2021	0	0	2.446538601	3.24454106	9.216965742	8.756764283	0
04/05/2021	1.918538841	0	5.726712577	2.359666225	7.789559543	8.77489423	146.1388074
05/05/2021	5.755616522	0	3.73323668	1.769749669	8.462479608	8.502945029	68.82697947
06/05/2021	0	0	4.802464661	0.884874834	7.891517129	9.173753059	63.79276637
07/05/2021	0	0	4.331279449	1.769749669	8.768352365	7.37888833	55.43499511
08/05/2021	0	0	3.878216745	0	8.136215334	5.729063175	0
09/05/2021	0	0	2.428416093	0	10.31810767	4.188017701	0
10/05/2021	0	0	2.35592606	3.834457616	7.748776509	11.91137502	0
11/05/2021	1.918538841	0	4.657484596	0.884874834	7.707993475	8.575464816	135.0146628
12/05/2021	0	0	3.896339253	1.179833113	9.094616639	9.064973378	61.87683284
13/05/2021	0	0	4.639362088	0	8.911092985	5.801582962	0
14/05/2021	0	0	2.84523378	3.24454106	8.564437194	7.705227371	89.85337243
15/05/2021	1.918538841	0	4.512504531	0	9.400489396	5.656543388	0
16/05/2021	0	0	2.972091337	0	7.646818923	4.478096849	0
17/05/2021	0	0	2.428416093	3.24454106	7.728384992	3.644119298	0
18/05/2021	0	0	5.146792316	0.294958278	7.442903752	5.692803281	97.91788856
19/05/2021	0	5.263896687	3.93258427	0.589916556	10.72593801	8.666114549	45.15151515
20/05/2021	0	0	4.186299384	1.179833113	9.584013051	9.155623112	33.3431085
21/05/2021	1.918538841	0	3.93258427	0	10.86867863	12.94478198	30.96774194
22/05/2021	3.837077682	0	3.04458137	0	7.830342577	8.194735934	0
23/05/2021	5.755616522	0	1.957230881	0.294958278	9.115008157	8.176605987	0
24/05/2021	30.69662145	0	1.685393258	0	7.116639478	4.314927328	0
25/05/2021	3.837077682	0	3.407031533	0	7.198205546	9.264402792	58.98338221
26/05/2021	5.755616522	0	2.772743748	1.179833113	9.074225122	9.046843431	26.70576735
27/05/2021	7.674155363	3.509264458	2.591518666	1.179833113	8.8091354	7.415148223	13.35288368
28/05/2021	11.51123304	0	2.301558536	0	9.400489396	6.14605195	0
29/05/2021	9.592694204	1.754632229	2.446538601	3.539499338	9.298531811	4.441836955	0
30/05/2021	11.51123304	5.263896687	1.159840522	0	7.483686786	3.063961002	0
31/05/2021	0	0	1.431678144	0	7.544861338	5.293944453	0
01/06/2021	5.755616522	0	2.736498731	0	6.871941272	8.339775508	0
02/06/2021	3.837077682	0	2.192823487	2.949582782	8.299347471	6.399871205	0
03/06/2021	15.34831073	0	2.15657847	1.179833113	9.482055465	5.239554612	83.28445748
04/06/2021	15.34831073	0	2.011598405	1.474791391	10.54241436	5.493373867	10.44965787
05/06/2021	3.837077682	5.263896687	1.848495832	0.589916556	8.482871126	3.045831055	0
06/06/2021	3.837077682	0	1.159840522	2.064707947	6.382544861	2.320633185	0
07/06/2021	1.918538841	0	1.087350489	0	7.687601958	4.514356742	0
08/06/2021	5.755616522	0	2.519028634	0	4.873572594	3.40842999	26.10948192
09/06/2021	9.592694204	0	1.830373324	2.359666225	4.628874388	3.843548712	11.38807429
10/06/2021	3.837077682	0	1.467923161	0	8.115823817	3.807288819	8.123167155
11/06/2021	0	0	1.322943095	1.179833113	6.504893964	3.589729458	7.106549365
12/06/2021	1.918538841	1.754632229	1.268575571	0	8.788743883	2.030554037	0
13/06/2021	1.918538841	0	0.833635375	0	6.423327896	1.087796805	0
14/06/2021	1.918538841	0	0.869880391	0	4.11908646	4.188017701	0
15/06/2021	0	8.773161145	1.685393258	1.474791391	5.770799347	4.02484818	11.53470186
16/06/2021	0	0	1.413555636	0	5.852365416	3.263390416	0
17/06/2021	1.918538841	0	1.159840522	0.294958278	7.606035889	3.97045834	0
18/06/2021	3.837077682	0	1.649148242	0	6.158238173	3.571599511	0
19/06/2021	1.918538841	0	1.467923161	1.474791391	8.013866232	2.356893078	0
20/06/2021	9.592694204	0	1.032982965	0	8.013866232	1.95803425	0
21/06/2021	3.837077682	0	1.449800652	0	5.791190865	3.843548712	0
22/06/2021	1.918538841	1.754632229	2.029720913	0.884874834	3.54812398	4.006718233	33.02052786
23/06/2021	1.918538841	0	1.993475897	0	6.076672104	3.227130523	4.926686217
24/06/2021	0	0	2.609641174	0	6.199021207	5.910362642	3.695014663
25/06/2021	0	0	2.935846321	0	7.748776509	1.305356166	0
26/06/2021	1.918538841	0	3.53388909	2.064707947	9.033442088	2.701362067	0
27/06/2021	1.918538841	0	2.374048568	0	6.933115824	1.758604835	0
28/06/2021	0	0	2.15657847	0	6.708809135	2.828271694	0
29/06/2021	5.755616522	0	4.168176876	3.539499338	6.973898858	5.312074399	8.279569892
30/06/2021	1.918538841	0	4.729974628	0	-0.469004894	5.058255145	2.414467253
01/07/2021	3.837077682	0	3.552011598	0	17.862969	3.499079724	5.50342131
02/07/2021	0	0	3.660746647	0	10.44045677	4.351187221	3.196480938
03/07/2021	5.755616522	0	3.026458862	1.474791391	9.135399674	2.030554037	0
04/07/2021	0	0	2.392171076	0	11.46003263	1.595435315	0
05/07/2021	5.755616522	1.754632229	1.957230881	0	6.831158238	3.390300043	0
06/07/2021	17.26684957	0	4.403769482	0	8.0954323	4.115497914	8.308895406
07/07/2021	19.18538841	0	4.71185212	2.949582782	10.86867863	3.825418766	3.450635386
08/07/2021	26.85954377	0	5.291772381	0	10.86867863	1.794864729	2.19941349
09/07/2021	15.34831073	0	5.146792316	0	12.86704731	5.312074399	2.267839687
10/07/2021	38.37077682	1.754632229	5.581732512	3.24454106	11.84747145	2.429412865	0
11/07/2021	44.12639334	5.263896687	2.700253715	0	11.74551387	1.758604835	0
12/07/2021	23.02246609	0	2.899601305	0	11.6639478	3.082090949	0
13/07/2021	21.10392725	15.79169006	5.980427691	0	12.01060359	3.29965031	6.539589443
14/07/2021	13.42977189	1.754632229	6.197897789	0	15.02854812	3.100220895	3.587487781
15/07/2021	13.42977189	0	6.922798115	0	20.26916803	2.828271694	3.39198436
16/07/2021	17.26684957	7.018528916	6.922798115	0	23.85807504	3.916068499	3.558162268
17/07/2021	13.42977189	5.263896687	6.433490395	12.68320596	28.07911909	2.501932652	0
18/07/2021	7.674155363	10.52779337	3.73323668	0	24.04159869	1.976164196	0
19/07/2021	15.34831073	5.263896687	4.512504531	0	21.83931485	3.535339617	0
20/07/2021	15.34831073	3.509264458	7.611453425	33.62524371	22.63458401	4.459966902	9.696969697
21/07/2021	15.34831073	0	7.683943458	19.17228808	25.69331158	3.426559937	4.68230694
22/07/2021	17.26684957	1.754632229	8.481333817	20.64707947	24.22512235	4.822565837	5.698924731
23/07/2021	0	1.754632229	8.825661472	25.6613702	28.26264274	4.13362786	4.477028348
24/07/2021	23.02246609	7.018528916	8.662558898	27.72607815	27.42659054	3.045831055	0
25/07/2021	0	5.263896687	5.454874955	25.07145364	22.96084829	2.465672759	0
26/07/2021	0	0	6.361000362	20.94203775	26.01957586	5.982882429	0
27/07/2021	17.26684957	0	13.95433128	36.57482649	22.71615008	4.949475464	13.24535679
28/07/2021	1.918538841	28.07411567	13.13881841	34.51011854	26.52936378	3.100220895	6.265884653
29/07/2021	0	15.79169006	14.67923161	38.63953444	27.75285481	10.6241488	6.05083089
30/07/2021	3.837077682	1.754632229	13.9905763	36.86978477	30.60766721	6.236701684	6.119257087
31/07/2021	1.918538841	1.754632229	12.61326568	46.60340795	29.09869494	2.828271694	0
01/08/2021	3.837077682	5.263896687	7.393983327	27.13616159	22.38988581	4.097367967	0
02/08/2021	0	0	8.64443639	20.94203775	27.56933116	7.469538063	0
03/08/2021	3.837077682	14.03705783	16.18339978	32.74036887	18.02610114	8.611724709	18.18181818
04/08/2021	0	8.773161145	15.22290685	35.39499338	24.81647635	8.666114549	9.08113392
05/08/2021	0	28.07411567	14.20804639	45.71853311	30.42414356	10.15277018	8.445747801
06/08/2021	0	15.79169006	15.87531714	30.97061921	36.31729201	7.723357318	8.26001955
07/08/2021	0	14.03705783	12.41391809	36.86978477	37.27569331	4.75004605	0
08/08/2021	0	12.2824256	8.789416455	16.2227053	37.45921697	6.7080803	0
09/08/2021	0	12.2824256	9.731786879	31.56053576	28.77243067	9.010583538	0
10/08/2021	0	8.773161145	18.77491845	16.51766358	30.77079935	12.07454454	22.31671554
11/08/2021	0	24.56485121	14.96919174	50.14290729	37.09216966	5.837842855	12.08211144
12/08/2021	0	35.09264458	16.72707503	35.39499338	35.33849918	10.40658944	10.31280547
13/08/2021	7.674155363	24.56485121	14.29865893	38.34457616	40.33442088	15.80931357	10.11730205
14/08/2021	0	17.54632229	13.41065603	24.18657881	42.29200653	4.858825731	0
15/08/2021	0	0	7.720188474	18.8773298	35.84828711	8.140346093	0
16/08/2021	1.918538841	7.018528916	8.064516129	16.51766358	29.38417618	9.608871781	0
17/08/2021	1.918538841	14.03705783	13.91808626	30.67566093	30.50570962	13.54307023	27.47800587
18/08/2021	0	28.07411567	13.42877854	38.34457616	34.74714519	11.09552741	12.90322581
19/08/2021	3.837077682	21.05558675	12.83073577	30.67566093	37.07177814	12.41901353	12.59042033
20/08/2021	0	19.30095452	12.14208046	18.8773298	42.78140294	13.05356166	9.951124145
21/08/2021	0	3.509264458	11.87024284	21.53195431	43.3319739	5.021995251	0
22/08/2021	0	0	7.212758246	18.28741325	34.42088091	10.02586056	0
23/08/2021	3.837077682	12.2824256	8.263863719	18.28741325	32.42251223	20.37806015	0
24/08/2021	0	8.773161145	12.35955056	22.71178742	32.03507341	19.8160318	27.11632454
25/08/2021	3.837077682	5.263896687	11.03660747	25.6613702	41.82300163	23.4601511	12.41446725
26/08/2021	0	8.773161145	12.6676332	30.08574437	38.05057096	25.65387466	14.77028348
27/08/2021	0	19.30095452	11.05472997	20.94203775	38.23409462	28.13767737	12.45356794
28/08/2021	0	0	12.75824574	26.84120331	40.72185971	18.98205425	0
29/08/2021	1.918538841	7.018528916	7.95578108	15.63278874	34.78792822	16.44386171	0
30/08/2021	0	0	8.408843784	13.86303907	26.34584013	24.45729817	0
31/08/2021	1.918538841	1.754632229	13.48314607	24.77649536	28.18107667	32.36195496	33.23558162
01/09/2021	0	15.79169006	11.7796303	19.76220464	36.48042414	29.73311268	10.79178886
02/09/2021	1.918538841	7.018528916	11.74338528	16.51766358	-34.80831974	28.10141747	11.86705767
03/09/2021	0	0	11.7796303	12.97816424	28.6908646	30.58522018	13.62658847
04/09/2021	7.674155363	3.509264458	9.423704241	15.92774702	34.72675367	20.83130882	0
05/09/2021	17.26684957	7.018528916	6.08916274	6.489082119	24.06199021	19.3083933	0
06/09/2021	9.592694204	0	6.270387822	9.143706623	23.16476346	21.82845589	0
07/09/2021	3.837077682	12.2824256	10.52917724	7.96387351	29.87357259	30.89342927	28.5826002
08/09/2021	0	29.82874789	9.459949257	11.79833113	31.34176183	28.02889768	16.72531769
09/09/2021	9.592694204	0	8.735048931	12.68320596	25.91761827	29.53368327	13.44086022
10/09/2021	9.592694204	8.773161145	8.318231243	7.668915232	33.01386623	23.58706073	14.48680352
11/09/2021	5.755616522	14.03705783	8.988764045	10.32353974	29.89396411	15.22915528	0
12/09/2021	0	8.773161145	5.962305183	3.834457616	27.44698206	11.83885523	0
13/09/2021	3.837077682	0	5.128669808	9.438664901	17.88336052	20.30554037	0
14/09/2021	7.674155363	24.56485121	9.659296847	8.258831788	23.98042414	22.1004051	35.73802542
15/09/2021	9.592694204	42.1111735	8.698803914	9.143706623	-23.98042414	17.56791841	10.72336266
16/09/2021	7.674155363	14.03705783	8.227618702	11.50337285	76.77406199	17.80360771	11.75953079
17/09/2021	5.755616522	22.81021898	7.901413556	7.96387351	28.26264274	13.83314937	9.863147605
18/09/2021	11.51123304	17.54632229	7.049655672	0	29.69004894	10.33406965	0
19/09/2021	15.34831073	0	4.349401957	0	24.95921697	8.593594762	0
20/09/2021	5.755616522	8.773161145	5.164914824	19.76220464	23.4502447	12.31023385	0
21/09/2021	13.42977189	61.41212802	8.861906488	13.86303907	28.95595432	8.77489423	19.41348974
22/09/2021	1.918538841	42.1111735	8.861906488	11.79833113	29.13947798	21.88284573	8.905180841
23/09/2021	15.34831073	22.81021898	8.771293947	10.61849801	27.61011419	13.07169161	7.448680352
24/09/2021	23.02246609	21.05558675	8.698803914	11.20841457	23.71533442	12.78161246	7.487781036
25/09/2021	32.61516029	0	7.683943458	0	27.22267537	9.409442366	0
26/09/2021	13.42977189	21.05558675	5.418629938	0	29.75122349	6.907509714	0
27/09/2021	9.592694204	0	6.433490395	26.54624503	21.28874388	11.92950497	0
28/09/2021	24.94100493	10.52779337	12.39579558	11.20841457	30.52610114	12.72722262	17.2629521
29/09/2021	40.28931566	3.509264458	11.65277274	6.194123841	29.50652529	10.06212045	8.34799609
30/09/2021	32.61516029	5.263896687	12.12395796	5.899165563	25.8360522	10.53349907	8.396871945
01/10/2021	0	14.03705783	11.19971004	11.20841457	21.55383361	8.77489423	7.517106549
02/10/2021	61.39324291	0	9.62305183	0	32.34094617	5.602153548	0
03/10/2021	13.42977189	12.2824256	6.433490395	0	21.4314845	5.602153548	0
04/10/2021	0	0	6.940920623	35.1000351	18.2096248	8.77489423	0
05/10/2021	38.37077682	7.018528916	13.46502356	9.438664901	22.92006525	10.55162901	18.36754643
06/10/2021	0	8.773161145	13.21130845	13.27312252	20.02446982	8.702374443	6.979472141
07/10/2021	17.26684957	1.754632229	13.51939108	16.81262185	24.59216966	9.210012952	8.16226784
08/10/2021	42.2078545	33.33801235	11.07285248	16.2227053	40.82381729	8.466685135	7.223851417
09/10/2021	23.02246609	5.263896687	10.80101486	0	39.55954323	4.006718233	0
10/10/2021	0	0	7.702065966	0	28.22185971	5.203294719	0
11/10/2021	40.28931566	0	7.230880754	28.3159947	27.67128874	3.118350842	0
12/10/2021	19.18538841	12.2824256	12.52265314	12.97816424	29.69004894	16.24443229	16.98924731
13/10/2021	15.34831073	14.03705783	11.05472997	16.2227053	41.82300163	7.233848756	8.846529814
14/10/2021	7.674155363	12.2824256	11.5621602	14.15799735	33.15660685	6.454261045	7.810361681
15/10/2021	17.26684957	15.79169006	10.11235955	19.17228808	38.88662316	7.668967478	6.539589443
16/10/2021	0	0	10.18484958	0	44.45350734	6.055402216	0
17/10/2021	34.53369913	0	6.234142805	0	28.14029364	3.789158872	0
18/10/2021	0	0	5.781080101	46.89836623	32.137031	9.880820982	0
19/10/2021	0	59.65749579	11.97897789	26.25128676	48.87846656	11.02300763	16.24633431
20/10/2021	0	21.05558675	9.967379485	21.23699603	43.78058728	11.91137502	7.88856305
21/10/2021	115.1123304	28.07411567	9.351214208	15.33783046	41.3132137	13.56120017	7.741935484
22/10/2021	72.90447595	26.31948344	11.29032258	21.23699603	50.26508972	11.62129587	7.839687195
23/10/2021	170.7499568	0	10.51105473	0	49.49021207	9.844561088	0
24/10/2021	149.6460296	0	6.77781805	0	35.17536705	7.687097425	0
25/10/2021	0	26.31948344	7.049655672	71.67486159	37.6223491	16.19004245	0
26/10/2021	189.9353452	45.62043796	14.37114897	27.72607815	44.45350734	20.74065909	22.23851417
27/10/2021	122.7864858	12.2824256	12.32330555	22.71178742	33.11582382	21.39333717	12.30694037
28/10/2021	291.6179038	14.03705783	11.59840522	29.49582782	52.9771615	18.05742697	8.71945259
29/10/2021	155.4016461	21.05558675	10.69227981	23.30170397	51.81484502	20.3961901	10.65493646
30/10/2021	136.2162577	0	11.87024284	0	60.4812398	14.46769751	0
31/10/2021	120.867947	0	7.339615803	0	40.02854812	11.36747662	0
01/11/2021	128.5421023	19.30095452	7.95578108	72.8546947	58.2177814	24.20347892	0
02/11/2021	145.8089519	22.81021898	17.63320043	26.54624503	75.91761827	29.47929343	26.98924731
03/11/2021	163.0758015	21.05558675	13.68249366	27.72607815	64.72267537	27.44873939	11.26099707
04/11/2021	212.9578113	19.30095452	13.97245379	48.37315762	61.6639478	27.81133832	8.250244379
05/11/2021	103.6010974	22.81021898	14.53425154	49.55299073	79.58809135	27.30369981	8.064516129
06/11/2021	92.08986436	0	15.25915187	0	75.14274062	19.25400345	0
07/11/2021	55.63762638	0	9.314969192	0	69.90212072	18.09368686	0
08/11/2021	99.76401972	40.35654127	9.206234143	93.2068159	64.45758564	27.77507843	0
09/11/2021	122.7864858	70.18528916	20.33345415	54.86223974	108.7071778	38.5442668	20.5083089
10/11/2021	90.17132552	71.93992139	15.09604929	52.50257351	60.52202284	32.32569507	12.96187683
11/11/2021	0	33.33801235	17.54258789	60.46644702	74.97960848	36.36867319	9.91202346
12/11/2021	0	14.03705783	16.92642262	53.38744835	111.7047308	31.94496618	9.17888563
13/11/2021	239.8173551	0	17.14389271	0	94.65742251	23.67771046	0
14/11/2021	69.06739827	0	11.19971004	0	77.58972268	20.95821845	0
15/11/2021	51.8005487	85.97697923	10.34795216	123.8824768	92.94453507	14.19574831	0
16/11/2021	97.84548088	54.3935991	22.68938021	66.95552914	89.86541599	63.99871205	25.63049853
17/11/2021	53.71908754	43.86580573	21.72888728	42.76895033	74.06199021	44.87161822	12.64907136
18/11/2021	86.33424784	36.84727681	21.20333454	38.34457616	94.73898858	43.96512088	11.9257087
19/11/2021	78.66009247	22.81021898	22.01884741	56.63198941	63.88662316	42.85919413	11.02639296
20/11/2021	72.90447595	0	23.08807539	0	121.5130506	24.25786876	0
21/11/2021	0	0	12.83073577	0	85.25693312	26.65102173	0
22/11/2021	76.74155363	103.5233015	12.232693	107.6597715	114.8042414	43.34870269	0
23/11/2021	67.14885943	182.4817518	25.7702066	59.58157219	74.65334421	27.55751907	37.39002933
24/11/2021	76.74155363	33.33801235	24.24791591	44.24374172	79.34339315	82.94450641	20.29325513
25/11/2021	101.6825586	0	22.74374773	41.8840755	97.12479608	53.84594187	20.05865103
26/11/2021	136.2162577	36.84727681	23.12432041	44.83365828	94.18841762	53.33830336	21.1143695
27/11/2021	0	0	23.5592606	0	97.69575856	34.28372932	0
28/11/2021	186.0982676	0	14.38927148	0	76.16231648	31.20163837	0
29/11/2021	92.08986436	217.5743964	14.31678144	95.56648212	93.86215334	52.15985682	0
30/11/2021	140.0533354	0	30.84450888	36.57482649	111.2969005	73.33563463	58.75855327
01/12/2021	118.9494081	0	25.86081914	47.48828278	77.28384992	68.53119874	25.79667644
02/12/2021	118.9494081	150.8983717	26.16890178	42.17903378	84.80831974	75.05797957	23.82209189
03/12/2021	88.25278668	70.18528916	26.60384197	39.81936755	110.2773246	75.98260685	21.60312805
04/12/2021	0	0	27.70931497	0	114.6411093	53.73716218	0
05/12/2021	230.2246609	0	17.61507793	0	105.1386623	27.73881854	0
06/12/2021	78.66009247	68.43065693	18.17687568	91.14210795	59.35970636	48.49760757	0
07/12/2021	184.1797287	73.69455362	19.51794128	36.27986821	113.4787928	138.3496237	72.45356794
08/12/2021	155.4016461	145.634475	34.8858282	38.63953444	84.13539967	95.34538999	32.6001955
09/12/2021	149.6460296	49.12970241	31.40630663	46.01349139	81.62724307	97.08586488	30.91886608
10/12/2021	120.867947	0	30.95324393	31.56053576	83.54404568	98.13740179	30.90909091
11/12/2021	0	68.43065693	32.6748822	0	81.64763458	63.03782487	0
12/12/2021	186.0982676	31.58338012	20.36969917	0	95.16721044	65.66666715	0
13/12/2021	78.66009247	78.95845031	22.99746285	114.4438119	95.49347471	0	0
14/12/2021	122.7864858	0	42.69662921	47.48828278	78.93556281	197.0181314	92.59042033
15/12/2021	0	71.93992139	33.21855745	45.12861656	86.25611746	104.0840243	39.53079179
16/12/2021	0	35.09264458	38.03914462	53.9773649	84.44127243	81.94735934	39.31573803
17/12/2021	310.8032922	56.14823133	36.06379123	55.45215629	73.30750408	85.01132034	40.3714565
18/12/2021	0	0	39.36208771	0	149.5309951	67.17145273	0
19/12/2021	184.1797287	0	29.24972816	0	104.4861338	54.7886991	0
20/12/2021	0	0	31.7868793	194.082547	97.63458401	73.26311484	0
21/12/2021	109.3567139	0	55.09242479	95.8614404	107.4429038	87.00561448	123.9589443
22/12/2021	191.8538841	373.7366648	57.43022834	109.7244795	128.6092985	77.77747158	45.82600196
23/12/2021	282.0252096	117.5603593	64.09931134	147.4791391	151.1215334	78.17633041	49.45259042
24/12/2021	145.8089519	0	70.75027184	0	228.0179445	41.11871924	0
25/12/2021	57.55616522	0	41.22870605	0	280.6892333	36.0604641	0
26/12/2021	7.674155363	0	48.4414643	0	212.1533442	40.13970212	0
27/12/2021	214.8763502	100.0140371	59.80427691	664.5410007	137.3368679	67.98730033	0
28/12/2021	0	229.856822	120.6596593	287.2893629	183.6460033	85.24700965	207.6930596
29/12/2021	550.6206473	0	124.5559986	0	334.9918434	79.89867535	88.98338221
30/12/2021	414.4043896	303.5513756	133.8347227	514.7021954	419.1272431	72.84612607	108.7096774
31/12/2021	0	1.754632229	132.7473722	0	410.0734095	55.20568787	0
01/01/2022	608.1768125	0	124.5197535	0	474.7349103	39.08816521	0
02/01/2022	46.04493218	0	72.52627764	0	0	52.63123543	0
03/01/2022	502.6571763	559.7276811	90.19572309	1183.077654	694.4738989	94.87401137	0
04/01/2022	535.2723366	357.9449747	172.6168902	433.5886689	434.3800979	143.6073083	420.0293255
05/01/2022	400.9746177	473.7507019	180.9351214	401.4382166	360.0326264	152.0196035	171.202346
06/01/2022	0	0	176.2776368	394.6541762	485.6647635	142.8458505	0
07/01/2022	0	1036.987647	132.8561073	356.3096	447.1044046	111.680472	404.5259042
08/01/2022	0	884.3346435	163.5375136	0	532.6672104	95.87115845	0
09/01/2022	1636.513631	872.0522179	105.1105473	0	436.0522023	75.85569723	0
10/01/2022	0	835.204941	120.3515767	1058.900219	0	118.5698518	0
11/01/2022	425.9156227	919.427288	191.1380935	0	880.8931485	174.4463477	690.5278592
12/01/2022	1245.131708	801.8669287	166.9445451	0	426.3662316	214.3866204	214.457478
13/01/2022	729.0447595	1105.418304	161.7977528	1100.489336	385.4812398	210.2529925	249.9217986
14/01/2022	746.3116091	0	149.963755	355.7196835	347.9812398	224.0861419	249.9120235
15/01/2022	792.3565413	0	146.7379485	0	296.7985318	153.6875587	0
16/01/2022	782.7638471	1382.650197	103.3345415	0	219.2699837	137.8601151	0
17/01/2022	796.1936189	270.2133633	113.265676	1034.71364	129.0579119	199.9914427	0
18/01/2022	1398.614815	1342.293655	183.5266401	439.4878344	117.5978793	278.6028918	950.6158358
19/01/2022	1218.272164	393.0376193	166.0746647	461.0197888	139.5391517	289.8434588	417.6441838
20/01/2022	0	424.6209994	154.2587894	467.8038291	112.6223491	305.9791114	404.4379277
21/01/2022	2415.440401	264.9494666	145.8499456	430.0491695	134.5228385	452.4872111	413.4408602
22/01/2022	1179.901387	136.8613139	132.2218195	0	136.3988581	241.7990999	0
23/01/2022	993.8031195	0	79.15911562	0	96.47226754	229.2713067	0
24/01/2022	1007.232891	593.0656934	83.29104748	1129.690205	75.28548124	336.1654727	0
25/01/2022	1751.625962	359.699607	129.9021385	497.5946152	81.68841762	442.8964693	1358.602151
26/01/2022	1648.024864	226.3475576	61.48967017	484.0265344	114.2944535	447.3926961	493.597263
27/01/2022	1469.600752	354.4357103	113.6462486	427.9844616	107.3613377	440.3401468	408.514174
28/01/2022	0	305.3060079	86.37187387	382.855845	104.180261	390.1383242	539.3939394
29/01/2022	2321.431997	164.9354295	0	0	0	271.4053029	0
30/01/2022	932.4098766	61.41212802	0	0	0	254.5444525	0
31/01/2022	1009.15143	78.95845031	261.6708953	940.0320325	272.4918434	289.8615887	0
01/02/2022	2156.437657	200.0280741	58.78941646	443.6172503	85.80750408	421.2855728	1109.032258
02/02/2022	1358.325499	0	145.6687206	455.4155815	121.1256117	422.4096295	383.2355816
03/02/2022	0	182.4817518	123.0155854	417.3659636	123.5929853	395.3053591	357.1945259
04/02/2022	2783.799858	175.4632229	125.9876767	411.1718397	136.5619902	378.1181695	274.9657869
05/02/2022	0	0	0	0	0	238.2818902	0
06/02/2022	2106.555647	0	0	0	0	184.4178184	0
07/02/2022	679.1627496	91.24087591	360.6016673	1377.750117	309.2985318	320.0298201	0
08/02/2022	2426.951634	349.1718136	135.4113809	386.3953444	77.07993475	473.3547799	651.7106549
09/02/2022	0	42.1111735	81.91373686	728.546947	115.7626427	454.8078443	177.7321603
10/02/2022	1271.991251	57.90286356	232.0587169	578.4131835	115.1916803	443.2409383	165.8651026
11/02/2022	2710.895382	133.3520494	188.2203697	601.1249709	134.9510604	418.2760016	75.51319648
12/02/2022	1379.429427	0	0	0	0	262.0321205	0
13/02/2022	585.1543464	0	0	0	0	206.2100144	0
14/02/2022	652.3032059	33.33801235	224.9003262	1813.108536	260.2977162	254.8707915	0
15/02/2022	1813.019205	56.14823133	80.21022109	532.6946503	-112.8058728	342.202745	114.8680352
16/02/2022	1076.30029	68.43065693	107.9376586	793.4377682	107.3409462	325.0336854	52.60997067
17/02/2022	0	84.222347	144.1283074	926.4639517	102.4877651	314.4095366	40.04887586
18/02/2022	999.5587361	31.58338012	78.4342153	684.8931219	97.77732463	276.4454281	41.9941349
19/02/2022	0	0	0	0	0	173.304161	0
20/02/2022	1826.448976	0	0	0	0	138.6215729	0
21/02/2022	0	28.07411567	320.2428416	2185.050925	237.6427406	269.7554778	0
22/02/2022	0	112.2964627	49.76440739	766.8915232	66.88417618	321.788425	83.1769306
23/02/2022	1640.350709	0	77.27437477	928.2337013	84.03344209	315.1891244	33.4115347
24/02/2022	544.8650308	77.20381808	143.7296122	1015.541352	76.03996737	282.7365197	29.98044966
25/02/2022	780.8453082	45.62043796	1.286698079	1383.059366	87.76508972	277.188756	32.17986315
26/02/2022	0	0	0	0	0	155.1923442	0
27/02/2022	1241.29463	0	0	0	0	106.9666859	0
28/02/2022	0	17.54632229	0.507430228	1908.675018	167.4143556	188.4426666	0
01/03/2022	280.1066708	38.60190904	356.7596955	993.1245225	67.25122349	270.4806757	68.8172043
02/03/2022	527.5981812	21.05558675	20.2247191	748.0141934	68.14845024	400.4905238	32.08211144
03/03/2022	0	33.33801235	109.2606017	747.4242768	82.44290375	194.2623795	24.16422287
04/03/2022	0	49.12970241	130.2102211	781.0495205	81.46411093	175.2259354	19.84359726
05/03/2022	0	0	0	0	0	98.93511945	0
06/03/2022	0	0	0	0	0	60.48150238	0
07/03/2022	0	7.018528916	405.3823849	1835.230407	152.7528548	133.2551087	0
08/03/2022	0	26.31948344	0	978.0816504	88.8050571	185.233666	47.08699902
09/03/2022	0	12.2824256	161.4715477	819.0991384	34.62479608	142.9365002	21.20234604
10/03/2022	0	29.82874789	182.1493295	776.6251464	82.72838499	133.6177076	20.98729228
11/03/2022	0	12.2824256	383.4541501	783.4091868	186.0725938	101.7815211	14.44770283
12/03/2022	0	0	0	0	0	57.90704994	0
13/03/2022	0	0	0	0	0	34.6644582	0
14/03/2022	0	40.35654127	486.5530989	1299.291215	242.8017945	97.84732264	0
15/03/2022	0	28.07411567	110.7285248	696.3964947	128.0995106	111.0640538	35.94330401
16/03/2022	0	10.52779337	206.5422254	613.5132186	111.1745514	86.28041661	17.73216031
17/03/2022	0	24.56485121	77.83617253	554.2266046	0	75.69252771	16.02150538
18/03/2022	0	19.30095452	61.61652773	456.5954146	0	70.6886624	19.35483871
19/03/2022	0	0	0	0	0	36.24176357	0
20/03/2022	0	0	0	0	0	22.28170456	0
21/03/2022	0	17.54632229	465.8390721	881.9252517	503.8743883	68.1685998	0
22/03/2022	0	26.31948344	3.751359188	452.1710404	157.177814	69.0207073	0
23/03/2022	0	1.754632229	168.7567959	250.7145364	143.6378467	54.40797021	0
24/03/2022	0	1.754632229	226.567597	246.5851205	180.8523654	54.86121888	59.13000978
25/03/2022	0	31.58338012	193.4577746	404.0928411	186.5212072	45.23421716	0
26/03/2022	0	0	0	0	0	24.56607785	0
27/03/2022	0	0	0	0	0	13.18047129	0
28/03/2022	0	0	267.5607104	421.2004212	406.4437194	37.63776947	0
29/03/2022	0	0	96.73794853	0	121.0236542	45.41551662	0
30/03/2022	0	0	168.901776	335.3675623	109.502447	36.04233415	0
31/03/2022	0	0	172.9068503	130.0766007	106.9127243	31.78179666	59.78494624
01/04/2022	0	0	107.8289235	129.4866841	116.7414356	26.50598216	0
02/04/2022	0	0	0	0	0	15.13850554	0
03/04/2022	0	0	0	0	0	8.176605987	0
04/04/2022	0	0	212.2145705	0	188.091354	24.34851849	0
05/04/2022	0	0	116.8901776	236.8514974	55.8319739	27.17679019	0
06/04/2022	0	0	103.1170714	0	82.76916803	25.72639445	0
07/04/2022	0	0	130.7720188	0	64.23327896	17.91238739	40.35190616
08/04/2022	0	0	0	215.3195431	57.9730832	18.78262484	0
09/04/2022	0	0	0	0	0	11.1680472	0
10/04/2022	0	0	0	0	0	5.783453015	0
11/04/2022	0	0	0	0	120.3507341	14.21387826	0
12/04/2022	0	0	0	180.219508	35.64437194	16.66142107	0
13/04/2022	0	0	0	0	42.7406199	14.5039574	0
14/04/2022	0	0	523.5773831	0	39.23327896	6.943769608	39.257087
15/04/2022	0	0	0	0	0	5.112644985	0
16/04/2022	0	0	0	0	0	7.451408117	0
17/04/2022	0	0	0	0	0	4.02484818	0
18/04/2022	0	0	0	0	0	5.511503814	0
19/04/2022	0	0	0	-80.52360994	137.3164763	12.99917182	0
20/04/2022	0	0	0	0	28.44616639	17.0602799	0
21/04/2022	0	0	922.2363175	0	28.75203915	16.17191251	23.38220919
22/04/2022	0	0	0	404.9777159	23.71533442	11.54877608	0
23/04/2022	0	0	0	0	0	5.239554612	0
24/04/2022	0	0	0	0	0	2.175593611	0
25/04/2022	0	0	0	0	66.80261011	9.989600663	0
26/04/2022	0	0	0	82.2933596	24.93882545	8.919933804	0
27/04/2022	0	0	0	0	19.77977162	7.37888833	0
28/04/2022	0	0	408.4994563	0	23.40946166	6.980029501	24.72140762
29/04/2022	0	0	0	66.66057086	19.55546493	6.254831631	0
30/04/2022	0	0	0	0	0	3.698509138	0
01/05/2022	0	0	0	0	0	2.084943877	0
02/05/2022	0	0	0	0	0	6.581170672	0
03/05/2022	0	0	0	63.71098808	44.53507341	5.565893654	0
04/05/2022	0	0	0	0	21.02365416	6.345481365	0
05/05/2022	0	0	539.2171076	0	23.38907015	6.109792057	21.24144673
06/05/2022	0	0	0	48.96307417	18.12805873	5.529633761	0
07/05/2022	0	0	0	0	0	3.009571161	0
08/05/2022	0	0	0	0	0	0.979017125	0
09/05/2022	0	0	0	0	44.69820555	5.892232696	0
10/05/2022	0	0	0	64.30090464	56.545677	6.599300619	0
11/05/2022	0	0	0	0	46.88009788	6.617430566	0
12/05/2022	0	0	307.5933309	0	64.11092985	5.239554612	17.6344086
13/05/2022	0	0	0	107.9547298	54.64926591	5.021995251	0
14/05/2022	0	0	0	0	0	1.577305368	0
15/05/2022	0	0	0	0	0	0.979017125	0
16/05/2022	0	0	0	0	0	6.399871205	0
17/05/2022	0	0	0	125.0623099	0	0.888367391	0
18/05/2022	0	0	0	0	334.0946166	6.490520939	0
19/05/2022	0	0	208.1370062	0	0	5.674673335	16.74486804
20/05/2022	0	0	0	86.4227755	0	5.112644985	0
21/05/2022	0	0	0	0	0	1.939904303	0
22/05/2022	0	0	0	0	0	1.051536912	0
23/05/2022	0	0	0	0	0	7.360758383	0
24/05/2022	0	0	0	118.5732278	0	5.330204346	0
25/05/2022	0	0	0	0	199.7756933	6.236701684	13.1085044
26/05/2022	0	0	198.7676694	0	0	1.95803425	0
27/05/2022	0	0	0	84.06310927	0	4.423707008	0
28/05/2022	0	0	0	0	0	2.610712333	0
29/05/2022	0	0	0	0	0	1.033406965	0
30/05/2022	0	0	0	0	0	6.780600087	0
31/05/2022	0	0	0	100.8757311	0	6.871249821	0
01/06/2022	0	0	0	0	88.45840131	6.254831631	0
02/06/2022	0	0	235.9188112	0	0	5.203294719	13.86119257
03/06/2022	0	0	0	186.7085901	0	6.889379767	0
04/06/2022	0	0	0	0	0	1.758604835	0
05/06/2022	0	0	0	0	0	0.888367391	0
06/06/2022	0	0	0	0	0	1.758604835	0
07/06/2022	0	0	0	116.5085199	0	7.052549288	0
08/06/2022	0	0	0	0	92.76101142	4.115497914	0
09/06/2022	0	0	169.6629213	0	0	10.98674773	15.28836755
10/06/2022	0	0	0	204.9960033	0	8.702374443	0
11/06/2022	0	0	0	0	0	2.918921428	0
12/06/2022	0	0	0	0	0	1.740474889	0
13/06/2022	0	0	0	0	0	8.847414017	0
14/06/2022	0	0	0	185.528757	0	7.687097425	0
15/06/2022	0	0	0	0	158.3401305	8.647984603	0
16/06/2022	0	0	195.1612903	128.6018093	0	10.3159397	18.79765396
17/06/2022	0	0	0	0	0	10.78731832	0
18/06/2022	0	0	0	0	0	4.496226795	0
19/06/2022	0	0	0	0	0	1.722344942	0
20/06/2022	0	0	0	0	0	13.88753922	0
21/06/2022	0	0	0	280.8002808	0	11.73007555	0
22/06/2022	0	0	0	0	185.5831974	16.44386171	0
23/06/2022	0	0	149.6013048	0	0	14.86655634	28.50439883
24/06/2022	0	0	0	283.159947	0	13.52494028	0
25/06/2022	0	0	0	0	0	7.360758383	0
26/06/2022	0	0	0	0	0	2.719492013	0
27/06/2022	0	0	0	0	0	15.24728522	0
28/06/2022	0	0	0	293.778445	0	14.32265794	0
29/06/2022	0	0	0	0	269.7593801	13.4161606	0
30/06/2022	0	0	217.7056905	0	0	12.79974241	33.52883675
01/07/2022	0	0	0	375.1869298	0	11.14991725	0
02/07/2022	0	0	0	0	0	4.188017701	0
03/07/2022	0	0	0	0	0	2.030554037	0
04/07/2022	0	0	0	0	0	8.176605987	0
05/07/2022	0	0	0	374.0070967	0	9.572611887	0
06/07/2022	0	0	0	0	285.8278956	7.832136999	0
07/07/2022	0	0	233.3272925	0	0	8.557334869	41.10459433
08/07/2022	0	0	0	348.0507682	0	6.889379767	0
09/07/2022	0	0	0	0	0	2.592582386	0
10/07/2022	0	0	0	0	0	1.740474889	0
11/07/2022	0	0	0	0	0	6.780600087	0
12/07/2022	0	0	0	299.087694	0	7.451408117	0
13/07/2022	0	0	0	0	287.8058728	6.14605195	0
14/07/2022	0	0	227.4193548	0	0	5.837842855	46.54936461
15/07/2022	0	0	0	262.5128676	0	6.254831631	0
16/07/2022	0	0	0	0	0	2.665102173	0
17/07/2022	0	0	0	0	0	1.577305368	0
18/07/2022	0	0	0	0	0	5.729063175	0
19/07/2022	0	0	0	231.8372066	0	6.508650885	0
20/07/2022	0	0	0	0	218.4747145	5.148904879	0
21/07/2022	0	0	0	0	0	4.913215571	56.81329423
22/07/2022	0	0	0	202.0464205	0	5.094515038	0
23/07/2022	0	0	0	0	0	1.794864729	0
24/07/2022	0	0	0	0	0	1.051536912	0
25/07/2022	0	0	0	0	0	4.568746583	0
26/07/2022	0	0	0	166.9463854	0	4.64126637	0
27/07/2022	0	0	0	0	95.98287113	4.188017701	0
28/07/2022	0	0	0	0	0	4.568746583	56.0801564
29/07/2022	0	0	0	150.1337636	0	3.517209671	0
30/07/2022	0	0	0	0	0	2.248113398	0
31/07/2022	0	0	0	0	0	1.160316592	0
01/08/2022	0	0	0	0	0	4.387447115	0
02/08/2022	0	0	0	101.760606	0	4.169887754	0
03/08/2022	0	0	0	0	70.12642741	4.07923802	0
04/08/2022	0	0	855.0561798	0	0	3.245260469	58.22091887
05/08/2022	0	0	0	97.04127351	0	3.245260469	0
06/08/2022	0	0	0	0	0	1.28722622	0
07/08/2022	0	0	0	0	0	0.688937977	0
08/08/2022	0	0	0	0	0	4.115497914	0
09/08/2022	0	0	0	97.63119007	0	3.589729458	0
10/08/2022	0	0	0	0	64.96737357	3.662249245	0
11/08/2022	0	0	376.6219645	0	0	3.716639085	61.82795699
12/08/2022	0	0	0	105.005147	0	3.553469564	0
13/08/2022	0	0	0	0	0	1.250966326	0
14/08/2022	0	0	0	0	0	0.634548136	0
15/08/2022	0	0	0	0	0	3.607859404	0
16/08/2022	0	0	0	87.30765033	0	3.063961002	0
17/08/2022	0	0	0	0	56.7903752	2.592582386	0
18/08/2022	0	0	209.4780718	0	0	2.68323212	67.90811339
19/08/2022	0	0	0	71.67486159	0	2.62884228	0
20/08/2022	0	0	0	0	0	1.015277018	0
21/08/2022	0	0	0	0	0	0.634548136	0
22/08/2022	0	0	0	0	0	2.574452439	0
23/08/2022	0	0	0	62.23619669	0	2.610712333	0
24/08/2022	0	0	0	0	35.92985318	2.773881854	0
25/08/2022	0	0	149.3475897	0	0	1.812994676	53.56793744
26/08/2022	0	0	0	0	0	2.447542812	0
27/08/2022	0	0	0	0	0	0.779587711	0
28/08/2022	0	0	0	0	0	0.344468988	0
29/08/2022	0	0	0	0	0	2.62884228	0
30/08/2022	0	0	0	132.4362669	0	2.592582386	0
31/08/2022	0	0	0	0	32.99347471	2.103073824	0
01/09/2022	0	0	147.1366437	0	0	2.157463664	46.22678397
02/09/2022	0	0	0	0	0	2.175593611	0
03/09/2022	0	0	0	0	0	0.707067923	0
04/09/2022	0	0	0	0	0	0.471378616	0
05/09/2022	0	0	0	0	0	2.229983451	0
06/09/2022	0	0	0	86.12781722	0	1.903644409	0
07/09/2022	0	0	0	0	42.37357259	1.812994676	0
08/09/2022	0	0	83.34541501	0	0	1.214706433	42.971652
09/09/2022	0	0	0	0	0	1.885514463	0
10/09/2022	0	0	0	0	0	0.72519787	0
11/09/2022	0	0	0	0	0	0.453248669	0
12/09/2022	0	0	0	0	0	2.248113398	0
13/09/2022	0	0	0	81.11352649	0	1.577305368	0
14/09/2022	0	0	0	0	32.64681892	1.631695208	0
15/09/2022	0	0	107.9557811	0	0	1.667955102	48.61192571
16/09/2022	0	0	0	0	0	1.323486113	0
17/09/2022	0	0	0	0	0	0.489508562	0
18/09/2022	0	0	0	0	0	0.453248669	0
19/09/2022	0	0	0	0	0	1.45039574	0
20/09/2022	0	0	0	50.14290729	0	1.34161606	0
21/09/2022	0	0	0	0	27.99755302	1.3960059	0
22/09/2022	0	0	173.4505256	0	0	1.196576486	47.3998045
23/09/2022	0	0	0	0	0	1.34161606	0
24/09/2022	0	0	0	0	0	0.525768456	0
25/09/2022	0	0	0	0	0	0.580158296	0
26/09/2022	0	0	0	0	0	1.903644409	0
27/09/2022	0	0	0	53.9773649	0	2.06681393	0
28/09/2022	0	0	0	0	33.54404568	1.34161606	0
29/09/2022	0	0	106.8503081	0	0	1.45039574	49.56989247
30/09/2022	0	0	0	0	0	1.631695208	0
01/10/2022	0	0	0	0	0	0.525768456	0
02/10/2022	0	0	0	0	0	0.344468988	0
03/10/2022	0	0	0	0	0	1.885514463	0
04/10/2022	0	0	0	54.86223974	0	1.577305368	0
05/10/2022	0	0	0	0	48.83768352	1.649825155	0
06/10/2022	0	0	86.40811888	0	0	1.432265794	124.2619746
07/10/2022	0	0	270.4965567	0	0	1.649825155	0
08/10/2022	0	0	0	0	0	0.67080803	0
09/10/2022	0	0	0	0	0	0.471378616	0
10/10/2022	0	0	0	0	0	2.211853504	0
11/10/2022	0	0	0	41.29415894	0	1.3960059	0
12/10/2022	0	0	0	0	45.94208809	1.486655634	0
13/10/2022	0	0	196.1036607	0	0	1.305356166	36.29521017
14/10/2022	0	0	0	0	0	1.323486113	0
15/10/2022	0	0	0	0	0	0.743327817	0
16/10/2022	0	0	0	0	0	0.471378616	0
17/10/2022	0	0	0	0	0	1.939904303	0
18/10/2022	0	0	0	50.43786556	0	1.758604835	0
19/10/2022	0	0	0	0	42.33278956	1.504785581	0
20/10/2022	0	0	214.9873142	0	0	1.595435315	33.46041056
21/10/2022	0	0	0	0	0	1.595435315	0
22/10/2022	0	0	0	0	0	0.562028349	0
23/10/2022	0	0	0	0	0	0.72519787	0
24/10/2022	0	0	0	0	0	2.284373291	0
25/10/2022	0	0	0	65.48073775	0	2.030554037	0
26/10/2022	0	0	0	0	39.60032626	2.62884228	0
27/10/2022	0	0	243.1859369	0	0	2.520062599	32.17008798
28/10/2022	0	0	0	0	0	2.375023025	0
29/10/2022	0	0	0	0	0	1.160316592	0
30/10/2022	0	0	0	0	0	0.67080803	0
31/10/2022	0	0	0	0	0	3.517209671	0
01/11/2022	0	0	0	63.4160298	0	2.828271694	0
02/11/2022	0	0	0	0	27.44698206	2.465672759	0
03/11/2022	0	0	217.1801377	0	0	2.900791481	33.40175953
04/11/2022	0	0	0	0	0	2.266243344	0
05/11/2022	0	0	0	0	0	1.105926752	0
06/11/2022	0	0	0	0	0	0.852107498	0
07/11/2022	0	0	0	0	0	3.499079724	0
08/11/2022	0	0	0	68.43032053	0	3.045831055	0
09/11/2022	0	0	0	0	41.96574225	3.118350842	0
10/11/2022	0	0	216.2015223	0	0	2.701362067	36.0801564
11/11/2022	0	0	0	0	0	2.773881854	0
12/11/2022	0	0	0	0	0	1.033406965	0
13/11/2022	0	0	0	0	0	0.815847604	0
14/11/2022	0	0	0	0	0	2.846401641	0
15/11/2022	0	0	0	0	0	2.356893078	0
16/11/2022	0	0	0	0	33.91109299	1.939904303	0
17/11/2022	0	0	217.5244654	0	0	3.589729458	40.09775171
18/11/2022	0	0	0	0	0	3.045831055	0
19/11/2022	0	0	0	0	0	1.34161606	0
20/11/2022	0	0	0	0	0	0.960887178	0
21/11/2022	0	0	0	0	0	3.027701108	0
22/11/2022	0	0	0	0	0	2.773881854	0
23/11/2022	0	0	0	0	29.38417618	3.082090949	0
24/11/2022	0	0	173.9760783	0	0	3.444689884	38.08406647
25/11/2022	0	0	0	0	0	3.734769032	0
26/11/2022	0	0	0	0	0	1.414135847	0
27/11/2022	0	0	0	0	0	0.979017125	0
28/11/2022	0	0	0	87.89756689	0	3.444689884	0
29/11/2022	0	0	0	0	0	3.861678659	0
30/11/2022	0	0	0	0	35.09380098	3.35404015	0
01/12/2022	0	0	199.3657122	0	0	3.118350842	52.83479961
02/12/2022	0	0	0	0	0	3.372170097	0
03/12/2022	0	0	0	0	0	1.359746007	0
04/12/2022	0	0	0	0	0	1.196576486	0
05/12/2022	0	0	0	0	0	3.952328393	0
06/12/2022	0	0	0	0	0	3.716639085	0
07/12/2022	0	0	0	0	37.94861338	3.952328393	0
08/12/2022	0	0	229.3222182	0	0	4.169887754	80.91886608
09/12/2022	0	0	0	0	0	3.97045834	0
10/12/2022	0	0	0	0	0	1.867384516	0
11/12/2022	0	0	0	0	0	1.541045474	0
12/12/2022	0	0	0	0	0	5.330204346	0
13/12/2022	0	0	0	0	0	3.807288819	0
14/12/2022	0	0	0	0	47.06362153	4.64126637	0
15/12/2022	0	0	190.9568684	0	0	4.278667434	110.7820137
16/12/2022	0	0	0	0	0	4.64126637	0
17/12/2022	0	0	0	0	0	1.976164196	0
18/12/2022	0	0	0	0	0	1.849254569	0
19/12/2022	0	0	0	0	0	5.620283494	0
20/12/2022	0	0	0	257.4985768	0	4.840695784	0
21/12/2022	0	0	0	0	60.17536705	5.964752483	0
22/12/2022	0	0	176.8575571	0	0	5.384594187	131.7106549
23/12/2022	0	0	0	0	0	3.734769032	0
24/12/2022	0	0	0	0	0	2.501932652	0
25/12/2022	0	0	0	0	0	1.250966326	0
26/12/2022	0	0	0	0	0	2.048683983	0
27/12/2022	0	0	0	0	0	5.167034825	0
28/12/2022	0	0	0	0	0	3.662249245	0
29/12/2022	0	0	0	0	0	3.897938553	94.68230694
30/12/2022	0	0	0	0	0	3.988588286	0
31/12/2022	0	0	0	0	0	2.266243344	0
01/01/2023	0	0	0	0	0	1.28722622	0
02/01/2023	0	0	0	0	0	4.496226795	0
03/01/2023	0	0	0	95.56648212	0	3.480949777	0
04/01/2023	0	0	0	0	125.9991843	3.589729458	0
05/01/2023	0	0	148.4595868	0	0	3.263390416	83.03030303
06/01/2023	0	0	0	0	0	3.172740682	0
07/01/2023	0	0	0	0	0	1.178446539	0
08/01/2023	0	0	0	0	0	0.888367391	0
09/01/2023	0	0	0	0	0	2.68323212	0
10/01/2023	0	0	0	47.48828278	0	2.501932652	0
11/01/2023	0	0	0	0	80.09787928	2.284373291	0
12/01/2023	0	0	40.93874592	0	0	1.577305368	43.83186706
13/01/2023	0	0	0	0	0	2.211853504	0
14/01/2023	0	0	0	0	0	0.743327817	0
15/01/2023	0	0	0	0	0	0.543898403	0
16/01/2023	0	0	0	0	0	1.758604835	0
17/01/2023	0	0	0	23.59666225	0	1.522915528	0
18/01/2023	0	0	0	0	32.05546493	1.3960059	0
19/01/2023	0	0	21.25770207	0	0	1.28722622	25.73802542
20/01/2023	0	0	0	0	0	1.232836379	0
21/01/2023	0	0	0	0	0	0.235689308	0
22/01/2023	0	0	0	0	0	0.471378616	0
23/01/2023	0	0	0	0	0	1.142186646	0
24/01/2023	0	0	0	19.46724636	0	1.232836379	0
25/01/2023	0	0	0	0	18.47471452	0.960887178	0
26/01/2023	0	0	159.2968467	0	0	0.960887178	29.17888563
27/01/2023	0	0	0	0	0	1.033406965	0
28/01/2023	0	0	0	0	0	0.688937977	0
29/01/2023	0	0	0	0	0	0.398858829	0
30/01/2023	0	0	0	0	0	0.852107498	0
31/01/2023	0	0	0	24.48153709	0	1.305356166	0
01/02/2023	0	0	0	0	11.50081566	0.833977551	0
02/02/2023	0	0	10.49293222	0	0	0.942757231	14.02737048
03/02/2023	0	0	0	0	0	0.870237444	0
04/02/2023	0	0	0	0	0	0.416988775	0
05/02/2023	0	0	0	0	0	0.308209095	0
06/02/2023	0	0	0	0	0	0.960887178	0
07/02/2023	0	0	0	44.5387	0	0.960887178	0
08/02/2023	0	0	0	0	16.3132137	1.087796805	0
09/02/2023	0	0	30.06524103	0	0	0.707067923	12.46334311
10/02/2023	0	0	0	0	0	0	0
11/02/2023	0	0	0	0	0	0.72519787	0
12/02/2023	0	0	0	0	0	0.743327817	0
13/02/2023	0	0	0	0	0	1.214706433	0
14/02/2023	0	0	0	24.18657881	0	0.707067923	0
15/02/2023	0	0	0	0	18.47471452	0.997147072	0
16/02/2023	0	0	13.15694092	0	0	0.852107498	9.687194526
17/02/2023	0	0	0	0	0	0.870237444	0
18/02/2023	0	0	0	0	0	0.453248669	0
19/02/2023	0	0	0	0	0	0.453248669	0
20/02/2023	0	0	0	0	0	0.688937977	0
21/02/2023	0	0	0	23.0067457	0	0.852107498	0
22/02/2023	0	0	0	0	14.70228385	0.870237444	0
23/02/2023	0	0	10.61978978	0	0	0.906497338	6.529814272
24/02/2023	0	0	0	0	0	0.870237444	0
25/02/2023	0	0	0	0	0	0.416988775	0
26/02/2023	0	0	0	0	0	0.344468988	0
27/02/2023	0	0	0	0	0	1.305356166	0
28/02/2023	0	0	0	27.72607815	0	0.960887178	0
01/03/2023	0	0	0	0	12.35725938	0.997147072	0
02/03/2023	0	0	14.62486408	0	0	1.124056699	6.920821114
03/03/2023	0	0	0	0	0	1.069666859	0
04/03/2023	0	0	0	0	0	0.489508562	0
05/03/2023	0	0	0	0	0	0.435118722	0
06/03/2023	0	0	0	0	0	1.359746007	0
07/03/2023	0	0	0	12.97816424	0	1.051536912	0
08/03/2023	0	0	0	0	13.29526917	1.105926752	0
09/03/2023	0	0	12.10583545	0	0	0.960887178	7.859237537
