cDate	FaroeIslands	Greenland	Finland	Iceland	Ireland	Norway	Sweden
22/01/2020	NA	NA	NA	NA	NA	NA	NA
23/01/2020	0	0	0	0	0	0	0
24/01/2020	0	0	0	0	0	0	0
25/01/2020	0	0	0	0	0	0	0
26/01/2020	0	0	0	0	0	0	0
27/01/2020	0	0	0	0	0	0	0
28/01/2020	0	0	0	0	0	0	0
29/01/2020	0	0	0	0	0	0	0
30/01/2020	0	0	0	0	0	0	0
31/01/2020	0	0	0	0	0	0	0
01/02/2020	0	0	0	0	0	0	0
02/02/2020	0	0	0	0	0	0	0
03/02/2020	0	0	0	0	0	0	0
04/02/2020	0	0	0	0	0	0	0
05/02/2020	0	0	0	0	0	0	0
06/02/2020	0	0	0	0	0	0	0
07/02/2020	0	0	0	0	0	0	0
08/02/2020	0	0	0	0	0	0	0
09/02/2020	0	0	0	0	0	0	0
10/02/2020	0	0	0	0	0	0	0
11/02/2020	0	0	0	0	0	0	0
12/02/2020	0	0	0	0	0	0	0
13/02/2020	0	0	0	0	0	0	0
14/02/2020	0	0	0	0	0	0	0
15/02/2020	0	0	0	0	0	0	0
16/02/2020	0	0	0	0	0	0	0
17/02/2020	0	0	0	0	0	0	0
18/02/2020	0	0	0	0	0	0	0
19/02/2020	0	0	0	0	0	0	0
20/02/2020	0	0	0	0	0	0	0
21/02/2020	0	0	0	0	0	0	0
22/02/2020	0	0	0	0	0	0	0
23/02/2020	0	0	0	0	0	0	0
24/02/2020	0	0	0	0	0	0	0
25/02/2020	0	0	0	0	0	0	0
26/02/2020	0	0	0	0	0	0	0
27/02/2020	0	0	0	0	0	0	0
28/02/2020	0	0	0	0	0	0	0
29/02/2020	0	0	0	0	0	0	0
01/03/2020	0	0	0	0	0	0	0
02/03/2020	0	0	0	0	0	0	0
03/03/2020	0	0	0	0	0	0	0
04/03/2020	0	0	0	0	0	0	0
05/03/2020	0	0	0	0	0	0	0
06/03/2020	0	0	0	0	0	0	0
07/03/2020	0	0	0.018122508	0	0	0	0
08/03/2020	0	0	0	0	0	0	0
09/03/2020	0	0	0	0	0	0	0
10/03/2020	0	0	0	0	0	0	0.009775171
11/03/2020	0	0	0	0	0.020391517	0	0
12/03/2020	0	0	0	0	0	0	0.009775171
13/03/2020	0	0	0	0	0	0	0.009775171
14/03/2020	0	0	0.018122508	0	0.020391517	0.05438984	0.019550342
15/03/2020	0	0	0.018122508	1.474791391	0	0	0.019550342
16/03/2020	0	0	0	-1.474791391	0	0	0.009775171
17/03/2020	0	0	0.018122508	0.294958278	0	0	0.058651026
18/03/2020	0	0	0.036245016	0	0	0.05438984	0.068426197
19/03/2020	0	0	0	0	0.020391517	0.018129947	0.08797654
20/03/2020	0	0	0.018122508	-0.294958278	0	0	0.078201369
21/03/2020	0	0	0.018122508	0.294958278	0	0	0.107526882
22/03/2020	0	0	0.036245016	0	0.020391517	0	0.107526882
23/03/2020	0	0	0.018122508	0	0.040783034	0.05438984	0.205278592
24/03/2020	0	0	0.072490033	0.294958278	0.020391517	0.036259894	0.215053763
25/03/2020	0	0	0.018122508	0	0.040783034	0.036259894	0.303030303
26/03/2020	0	0	0.090612541	0	0.203915171	0	0.312805474
27/03/2020	0	0	0.072490033	0	0.061174551	0.090649734	0.342130987
28/03/2020	0	0	0.036245016	0	0.28548124	0.072519787	0.3714565
29/03/2020	0	0	0.072490033	0	0.203915171	0.036259894	0.439882698
30/03/2020	0	0	0.181225082	0	0.163132137	0.126909627	0.469208211
31/03/2020	0	0	0.181225082	0	0.346655791	0.126909627	0.518084066
01/04/2020	0	0	0.126857557	0	0.28548124	0.090649734	0.684261975
02/04/2020	0	0	0.072490033	0.589916556	0.265089723	0.108779681	0.782013685
03/04/2020	0	0	0.108735049	0	0.448613377	0.163169521	0.684261975
04/04/2020	0	0	0.090612541	0	0.346655791	0.05438984	-2.267839687
05/04/2020	0	0	0.126857557	0	0.42822186	0.163169521	0.27370479
06/04/2020	0	0	0.072490033	0.589916556	0.326264274	0.090649734	0.742913001
07/04/2020	0	0	0.181225082	0	0.734094617	0.235689308	1.114369501
08/04/2020	0	0	0.308082639	0	0.509787928	0.217559361	0.938416422
09/04/2020	0	0	0.144980065	0	0.57096248	0.126909627	1.036168133
10/04/2020	0	0	0.19934759	0.294958278	0.489396411	0.090649734	0.752688172
11/04/2020	0	0	0.054367524	0.294958278	0.672920065	0.108779681	0.166177908
12/04/2020	0	0	0.054367524	0	0.28548124	0.163169521	0.117302053
13/04/2020	0	0	0.19934759	0	0.632137031	0.108779681	0.195503421
14/04/2020	0	0	0.217470098	0	0.836052202	0.090649734	1.114369501
15/04/2020	0	0	0.181225082	0	0.774877651	0.199429414	1.661779081
16/04/2020	0	0	0.253715114	0	0.856443719	0.036259894	1.270772239
17/04/2020	0	0	0.217470098	0.294958278	0.897226754	0.163169521	0.654936461
18/04/2020	0	0	0.181225082	0	0.836052202	0.05438984	1.085043988
19/04/2020	0	0	0	0	0.795269168	0.018129947	0.283479961
20/04/2020	0	0	0.108735049	0.294958278	1.570146819	0.290079148	0.391006843
21/04/2020	0	0	0.308082639	0	0.876835237	0.018129947	1.808406647
22/04/2020	0	0	0.072490033	0	0.795269168	0.090649734	1.681329423
23/04/2020	0	0	0.108735049	0	0.509787928	0.126909627	0.82111437
24/04/2020	0	0	0	0	4.486133768	0.090649734	1.28054741
25/04/2020	0	0	0.054367524	0	0.999184339	0.036259894	0.391006843
26/04/2020	0	0	0.108735049	0	0.489396411	0	0.019550342
27/04/2020	0	0	0.090612541	0	0.305872757	0.072519787	0.782013685
28/04/2020	0	0	0.018122508	0	1.162316476	0.018129947	0.791788856
29/04/2020	0	0	0.036245016	0	0.632137031	0.018129947	1.045943304
30/04/2020	0	0	0.018122508	0	0.856443719	0.05438984	1.212121212
01/05/2020	0	0	0.072490033	0	0.672920065	0	0.654936461
02/05/2020	0	0	0.036245016	0	0.42822186	0.018129947	0.156402737
03/05/2020	0	0	0.054367524	0	0.346655791	0	0.097751711
04/05/2020	0	0	0.054367524	0	0.326264274	0.05438984	0.879765396
05/05/2020	0	0	0.126857557	0	0.407830343	0.018129947	0.830889541
06/05/2020	0	0	0.072490033	0	0.734094617	0.018129947	0.850439883
07/05/2020	0	0	0.036245016	0	0.57096248	0.018129947	0.967741935
08/05/2020	0	0	0.126857557	0	0.530179445	0.018129947	1.319648094
09/05/2020	0	0	0.018122508	0	0.346655791	0.018129947	0.439882698
10/05/2020	0	0	0.036245016	0	0.244698206	0	0.048875855
11/05/2020	0	0	0	0	0.183523654	0.090649734	0.303030303
12/05/2020	0	0	0.018122508	0	0.42822186	0.072519787	0.557184751
13/05/2020	0	0	0.036245016	0	0.183523654	0.018129947	1.436950147
14/05/2020	0	0	0.036245016	0	0.183523654	0.05438984	0.674486804
15/05/2020	0	0	0	0	0.244698206	0	1.143695015
16/05/2020	0	0	0.018122508	0	0.305872757	0	0.27370479
17/05/2020	0	0	0.036245016	0	0.203915171	0	0.048875855
18/05/2020	0	0	0	0	0.081566069	0.018129947	0.18572825
19/05/2020	0	0	0.036245016	0	0.28548124	0	0.439882698
20/05/2020	0	0	0	0	0.203915171	0.018129947	0.860215054
21/05/2020	0	0	0.018122508	0	0.244698206	0.018129947	0.391006843
22/05/2020	0	0	0	0	0.183523654	0	0.527859238
23/05/2020	0	0	0.018122508	0	0.244698206	0	0.654936461
24/05/2020	0	0	0	0	0.081566069	0	0.058651026
25/05/2020	0	0	0	0	-0.040783034	0	0.303030303
26/05/2020	0	0	0.018122508	0	0.183523654	0	0.938416422
27/05/2020	0	0	0	0	0.326264274	0	0.928641251
28/05/2020	0	0	0	0	0.163132137	0.018129947	0.449657869
29/05/2020	0	0	0	0	0.122349103	0	0.82111437
30/05/2020	0	0	0.018122508	0	0.122349103	0	0.439882698
31/05/2020	0	0	0	0	0.020391517	0	0
01/06/2020	0	0	0	0	-0.040783034	0	0.078201369
02/06/2020	0	0	0	0	0.163132137	0.018129947	0.635386119
03/06/2020	0	0	0	0	0.020391517	0	0.723362659
04/06/2020	0	0	0	0	0.101957586	0.018129947	0.195503421
05/06/2020	0	0	0	0	0.122349103	0	0.752688172
06/06/2020	0	0	0	0	0.163132137	0	0.166177908
07/06/2020	0	0	0	0	0.020391517	0	0.029325513
08/06/2020	0	0	0	0	0.081566069	0.018129947	0.342130987
09/06/2020	0	0	0	0	0.163132137	0	0.224828935
10/06/2020	0	0	0	0	0.081566069	0	0.762463343
11/06/2020	0	0	0	0	0.163132137	0.05438984	0.18572825
12/06/2020	0	0	0	0	0.040783034	0	0.391006843
13/06/2020	0	0	0	0	0	0	0.195503421
14/06/2020	0	0	0	0	0.020391517	0	0
15/06/2020	0	0	0	0	0	0	0.166177908
16/06/2020	0	0	0	0	0.061174551	0	0.469208211
17/06/2020	0	0	0	0	0.020391517	0.018129947	0.997067449
18/06/2020	0	0	0	0	0.081566069	0.018129947	0.117302053
19/06/2020	0	0	0	0	0	0	0
20/06/2020	0	0	0	0	0.020391517	0	0
21/06/2020	0	0	0.018122508	0	0	0	0
22/06/2020	0	0	0.018122508	0	0.040783034	0.072519787	0
23/06/2020	0	0	0	0	0.061174551	0	1.055718475
24/06/2020	0	0	0	0	0.122349103	0.018129947	0.469208211
25/06/2020	0	0	0.018122508	0	0.020391517	0	0.205278592
26/06/2020	0	0	0	0	0.061174551	0	0.488758553
27/06/2020	0	0	0	0	0.081566069	0	0
28/06/2020	0	0	0	0	0.020391517	0	0
29/06/2020	0	0	0	0	0	0	0
30/06/2020	0	0	0.018122508	0	0.020391517	0.018129947	0.518084066
01/07/2020	0	0	0	0	0.040783034	0.018129947	0.361681329
02/07/2020	0	0	0	0	0	0	0.400782014
03/07/2020	0	0	0	0	0.040783034	0	0.08797654
04/07/2020	0	0	0	0	0.020391517	0	0
05/07/2020	0	0	0	0	0	0	0
06/07/2020	0	0	0	0	0	0	0
07/07/2020	0	0	0	0	0.020391517	0	0.263929619
08/07/2020	0	0	0	0	-0.081566069	0	0.342130987
09/07/2020	0	0	0	0	0.101957586	0.018129947	0.175953079
10/07/2020	0	0	0	0	0.020391517	0	0.254154448
11/07/2020	0	0	0	0	0.040783034	0	0
12/07/2020	0	0	0	0	0	0	0
13/07/2020	0	0	0	0	0	0.018129947	0
14/07/2020	0	0	0	0	0	0	0.18572825
15/07/2020	0	0	0	0	0.040783034	0	0.263929619
16/07/2020	0	0	0	0	0.020391517	0.018129947	0.205278592
17/07/2020	0	0	0	0	0.061174551	0.018129947	0.254154448
18/07/2020	0	0	0	0	0.020391517	0	0
19/07/2020	0	0	0	0	0	0	0
20/07/2020	0	0	0	0	0	0	0
21/07/2020	0	0	0.018122508	0	0	0	0.263929619
22/07/2020	0	0	0	0	0.020391517	0	0.205278592
23/07/2020	0	0	0	0	0.183523654	0	0.08797654
24/07/2020	0	0	0	0	0	0	0.205278592
25/07/2020	0	0	0	0	0.020391517	0	0
26/07/2020	0	0	0	0	0	0	0
27/07/2020	0	0	0	0	0	0	0
28/07/2020	0	0	0	0	0	0	0.048875855
29/07/2020	0	0	0.018122508	0	0	0	0.27370479
30/07/2020	0	0	0.018122508	0	-0.020391517	0	0.08797654
31/07/2020	0	0	0	0	0	0	0.039100684
01/08/2020	0	0	0	0	0	0	0
02/08/2020	0	0	0	0	0	0	0
03/08/2020	0	0	0	0	0	0.018129947	0
04/08/2020	0	0	0.018122508	0	0	0	0.039100684
05/08/2020	0	0	0	0	0	0	0.127077224
06/08/2020	0	0	0	0	0.101957586	0	0.058651026
07/08/2020	0	0	0	0	0.081566069	0	-0.029325513
08/08/2020	0	0	0	0	0	0	0
09/08/2020	0	0	0	0	0	0	0
10/08/2020	0	0	0	0	0	0	0
11/08/2020	0	0	0	0	0.020391517	0	0.068426197
12/08/2020	0	0	0	0	0.020391517	0	0.039100684
13/08/2020	0	0	0	0	0	0.018129947	0.019550342
14/08/2020	0	0	0	0	0	0.072519787	0.068426197
15/08/2020	0	0	0	0	0	0	0
16/08/2020	0	0	0	0	0	0	0
17/08/2020	0	0	0.018122508	0	0	0	0
18/08/2020	0	0	0	0	0.020391517	0.018129947	0.068426197
19/08/2020	0	0	0	0	0	0	0.117302053
20/08/2020	0	0	0	0	0.020391517	0.036259894	0.029325513
21/08/2020	0	0	0	0	0	0	0.048875855
22/08/2020	0	0	0	0	0.020391517	0	0
23/08/2020	0	0	0	0	0	0	0
24/08/2020	0	0	0	0	0	0	0
25/08/2020	0	0	0	0	0	0	0.039100684
26/08/2020	0	0	0	0	0	0	0.029325513
27/08/2020	0	0	0	0	0	0	0.029325513
28/08/2020	0	0	0	0	0	0	0.009775171
29/08/2020	0	0	0	0	0	0	0
30/08/2020	0	0	0	0	0	0	0
31/08/2020	0	0	0	0	0	0	0
01/09/2020	0	0	0.018122508	0	0	0	-0.078201369
02/09/2020	0	0	0.018122508	0	0	0	0.068426197
03/09/2020	0	0	0	0	0	0	0.117302053
04/09/2020	0	0	0	0	0	0	0.029325513
05/09/2020	0	0	0.018122508	0	0	0	0
06/09/2020	0	0	0	0	0	0	0
07/09/2020	0	0	0.018122508	0	0	0	0
08/09/2020	0	0	0	0	0.020391517	0	0.029325513
09/09/2020	0	0	0	0	0.061174551	0	0.039100684
10/09/2020	0	0	0.054367524	0	0	0.018129947	0.009775171
11/09/2020	0	0	0	0	0	0	0.029325513
12/09/2020	0	0	0.036245016	0	0.040783034	0	0
13/09/2020	0	0	0	0	0.020391517	0	0
14/09/2020	0	0	0	0	0	0	0
15/09/2020	0	0	0.018122508	0	0.061174551	0	0
16/09/2020	0	0	0	0	0.020391517	0	0.136852395
17/09/2020	0	0	0.018122508	0	0.020391517	0.018129947	0.039100684
18/09/2020	0	0	0	0	0.061174551	0.018129947	0.009775171
19/09/2020	0	0	0	0	0	0	0
20/09/2020	0	0	0	0	0	0	0
21/09/2020	0	0	0	0	0	0	0
22/09/2020	0	0	0	0	0	0	0
23/09/2020	0	0	0.018122508	0	0.040783034	0	0.107526882
24/09/2020	0	0	0.036245016	0	0.061174551	0.05438984	0.019550342
25/09/2020	0	0	0	0	0	0	0.019550342
26/09/2020	0	0	0.018122508	0	0.101957586	0	0
27/09/2020	0	0	0	0	0	0	0
28/09/2020	0	0	0	0	0	0.072519787	0
29/09/2020	0	0	0	0	0.020391517	0	0
30/09/2020	0	0	0	0	0.020391517	0	0.127077224
01/10/2020	0	0	0	0	0.040783034	0	0
02/10/2020	0	0	0.036245016	0	-0.101957586	0.018129947	0.019550342
03/10/2020	0	0	0	0	0.183523654	0	0
04/10/2020	0	0	0	0	0	0	0
05/10/2020	0	0	0	0	0	0	0
06/10/2020	0	0	0.036245016	0	0.020391517	0	0
07/10/2020	0	0	0.018122508	0	0.101957586	0	-0.029325513
08/10/2020	0	0	0.036245016	0	0.020391517	0	0
09/10/2020	0	0	0	0	0.081566069	0	0.019550342
10/10/2020	0	0	0	0	0.061174551	0	0
11/10/2020	0	0	0.018122508	0	0.040783034	0	0
12/10/2020	0	0	0.036245016	0	0.020391517	0.018129947	0
13/10/2020	0	0	0	0	0.061174551	0.018129947	0
14/10/2020	0	0	0	0	0.101957586	0	0.127077224
15/10/2020	0	0	0.036245016	0	0.061174551	0.018129947	0.029325513
16/10/2020	0	0	0	0.294958278	0.061174551	0	0.078201369
17/10/2020	0	0	0.018122508	0	0.163132137	0	0
18/10/2020	0	0	0	0	0.061174551	0	0
19/10/2020	0	0	0	0	0	0	0
20/10/2020	0	0	0.054367524	0	0.265089723	0	0
21/10/2020	0	0	0	0	0.061174551	0.018129947	0.107526882
22/10/2020	0	0	0	0	0.061174551	0	0.009775171
23/10/2020	0	0	0.018122508	0	0.14274062	0	0.029325513
24/10/2020	0	0	0.018122508	0	0.081566069	0	0
25/10/2020	0	0	0	0	0	0	0
26/10/2020	0	0	0.018122508	0	0.061174551	0	0
27/10/2020	0	0	0	0	0.101957586	0.018129947	0
28/10/2020	0	0	0.018122508	0.294958278	0.122349103	0	-0.058651026
29/10/2020	0	0	0	0	0.122349103	0.018129947	0.068426197
30/10/2020	0	0	0	0	0.122349103	0.018129947	0.039100684
31/10/2020	0	0	0.018122508	0	0.101957586	0	0
01/11/2020	0	0	0	0	0.040783034	0	0
02/11/2020	0	0	0	0	0.040783034	0	0
03/11/2020	0	0	0	1.474791391	0.101957586	0	0
04/11/2020	0	0	0	0	0.163132137	0	0.576735093
05/11/2020	0	0	0	0.294958278	0.061174551	0.036259894	0.048875855
06/11/2020	0	0	0	0	0.14274062	0.018129947	0.195503421
07/11/2020	0	0	0.036245016	0	0.101957586	0	0
08/11/2020	0	0	0.036245016	0.589916556	0.040783034	0	0
09/11/2020	0	0	0.126857557	0.884874834	0.020391517	0	0
10/11/2020	0	0	0.054367524	0.294958278	0.305872757	0	0
11/11/2020	0	0	0	0	0.040783034	0	0.586510264
12/11/2020	0	0	0.018122508	0.294958278	0	0.108779681	0.391006843
13/11/2020	0	0	0.072490033	0	0.14274062	0.05438984	0.410557185
14/11/2020	0	0	0.126857557	0	0.122349103	0	0
15/11/2020	0	0	0.036245016	0	0.020391517	0	0
16/11/2020	0	0	0.036245016	0	0.101957586	0	0
17/11/2020	0	0	0.018122508	0	0.224306688	0.072519787	0
18/11/2020	0	0	0.018122508	0	0.224306688	0.036259894	1.534701857
19/11/2020	0	0	0.054367524	0	0.081566069	0.090649734	0.18572825
20/11/2020	0	0	0.054367524	0.294958278	0.163132137	0.018129947	0.64516129
21/11/2020	0	0	0.108735049	0	0.081566069	0	0
22/11/2020	0	0	0.181225082	0	0.020391517	0	0
23/11/2020	0	0	0.072490033	0	0	0.090649734	0
24/11/2020	0	0	0.090612541	0	0.101957586	0.05438984	0
25/11/2020	0	0	0.108735049	0	0.101957586	0.036259894	1.456500489
26/11/2020	0	0	0.144980065	0	0.061174551	0	0.654936461
27/11/2020	0	0	0.036245016	0	0.14274062	0.217559361	0.576735093
28/11/2020	0	0	0.108735049	0	0.14274062	0	0
29/11/2020	0	0	0.036245016	0	0.040783034	0	0
30/11/2020	0	0	0.090612541	0	0.020391517	0.072519787	0
01/12/2020	0	0	0.181225082	0.294958278	0.326264274	0.036259894	0
02/12/2020	0	0	0.036245016	0	0.101957586	0.308209095	2.84457478
03/12/2020	0	0	0.126857557	0	0.122349103	0.036259894	0.342130987
04/12/2020	0	0	0.126857557	0	0.122349103	0.018129947	0.586510264
05/12/2020	0	0	0.054367524	0	0.265089723	0	0
06/12/2020	0	0	0.108735049	0	0	0	0
07/12/2020	0	0	0.181225082	0	0	0.090649734	0
08/12/2020	0	0	0.181225082	0.294958278	-0.040783034	0.036259894	0
09/12/2020	0	0	0.054367524	0	0.101957586	0	2.238514174
10/12/2020	0	0	0.090612541	0	0.305872757	0.380728882	0.566959922
11/12/2020	0	0	0.072490033	0	0.061174551	0.090649734	1.56402737
12/12/2020	0	0	0.144980065	0	0.061174551	0	0
13/12/2020	0	0	0.054367524	0	0.020391517	0	0
14/12/2020	0	0	0.090612541	0	0.040783034	0.108779681	0
15/12/2020	0	0	0.19934759	0	0.163132137	0.036259894	0
16/12/2020	0	0	0.126857557	0	0.122349103	0.126909627	2.815249267
17/12/2020	0	0	0.072490033	0	0.061174551	0.036259894	0.889540567
18/12/2020	0	0	0.018122508	0	0.122349103	0	0.977517107
19/12/2020	0	0	0.090612541	0	0.101957586	0	0
20/12/2020	0	0	0.054367524	0	0.081566069	0	0
21/12/2020	0	0	0.072490033	0	0	0.018129947	0
22/12/2020	0	0	0.072490033	0	0.265089723	0	0
23/12/2020	0	0	0.090612541	0	0.265089723	0.290079148	2.795698925
24/12/2020	0	0	0.054367524	0	0.163132137	0	0
25/12/2020	0	0	0.054367524	0	0.040783034	0	0
26/12/2020	0	0	0.036245016	0	0.122349103	0	0
27/12/2020	0	0	0	0	0.081566069	0	0
28/12/2020	0	0	0.072490033	0	0.020391517	0.145039574	0
29/12/2020	0	0	0.090612541	0.294958278	0.163132137	0.072519787	0
30/12/2020	0	0	0.036245016	0	0.265089723	0.05438984	4.379276637
31/12/2020	0	0	0.072490033	0	0.224306688	0	0
01/01/2021	0	0	0.108735049	0	0.224306688	0	0
02/01/2021	0	0	0.054367524	0	0.081566069	0	0
03/01/2021	0	0	0.072490033	0	0.14274062	0	0
04/01/2021	0	0	0.054367524	0	0.122349103	0.235689308	0
05/01/2021	0	0	0.126857557	0	0.346655791	0.05438984	2.326490714
06/01/2021	1.918538841	0	0.072490033	0	0.346655791	0.235689308	0
07/01/2021	0	0	0.054367524	0	0.163132137	0.036259894	2.903225806
08/01/2021	0	0	0.054367524	0	0.407830343	0.090649734	1.671554252
09/01/2021	0	0	0.072490033	0	0.183523654	0	0
10/01/2021	0	0	0.036245016	0	0.163132137	0	0
11/01/2021	0	0	0.054367524	0	0.163132137	0.108779681	0
12/01/2021	0	0	0.144980065	0	0.917618271	0.072519787	0
13/01/2021	0	0	0.163102573	0	1.284665579	0.489508562	3.919843597
14/01/2021	0	0	0.090612541	0	0.57096248	0.036259894	3.431085044
15/01/2021	0	0	0.090612541	0	0.978792822	0.108779681	1.348973607
16/01/2021	0	0	0.018122508	0	1.203099511	0	0
17/01/2021	0	0	0.018122508	0	0.265089723	0	0
18/01/2021	0	0	0	0	0.163132137	0.072519787	0
19/01/2021	0	0	0.018122508	0	1.876019576	0.072519787	0
20/01/2021	0	0	0.072490033	0	1.223491028	0.326339042	4.633431085
21/01/2021	0	0	0.217470098	0	1.019575856	0.018129947	1.212121212
22/01/2021	0	0	0.072490033	0	1.060358891	0	0.82111437
23/01/2021	0	0	0.036245016	0	1.570146819	0	0
24/01/2021	0	0	0.036245016	0	0.469004894	0	0
25/01/2021	0	0	0.036245016	0	0.14274062	0.072519787	0
26/01/2021	0	0	0.090612541	0	1.814845024	0.036259894	2.365591398
27/01/2021	0	0	0.054367524	0	1.101141925	0.108779681	1.73998045
28/01/2021	0	0	0	0	0.958401305	0.018129947	0.928641251
29/01/2021	0	0	0.018122508	0	0.958401305	0.126909627	0.694037146
30/01/2021	0	0	0.054367524	0	1.590538336	0	0
31/01/2021	0	0	0.018122508	0	0.305872757	0	0
01/02/2021	0	0	0	0	0.203915171	0.05438984	0
02/02/2021	0	0	0.108735049	0	2.05954323	0.018129947	2.189638319
03/02/2021	0	0	0.036245016	0	1.91680261	0.108779681	1.212121212
04/02/2021	0	0	0.054367524	0	1.508972268	0.145039574	0.869990225
05/02/2021	0	0	0.018122508	0	0.7137031	0	0.850439883
06/02/2021	0	0	0.036245016	0	1.080750408	0	0
07/02/2021	0	0	0	0	0.244698206	0	0
08/02/2021	0	0	0.036245016	0	0.020391517	0	0
09/02/2021	0	0	0.090612541	0	1.325448613	0.018129947	0.713587488
10/02/2021	0	0	0	0	0.856443719	0.163169521	1.348973607
11/02/2021	0	0	0.090612541	0	1.060358891	0	0.430107527
12/02/2021	0	0	0.036245016	0	0.387438825	0	0.566959922
13/02/2021	0	0	0.036245016	0	1.345840131	0	0
14/02/2021	0	0	0.072490033	0	0.346655791	0	0
15/02/2021	0	0	0.072490033	0	0	0.018129947	0
16/02/2021	0	0	0.018122508	0	0.652528548	0	0.576735093
17/02/2021	0	0	0.090612541	0	1.141924959	0.253819255	0.801564027
18/02/2021	0	0	0.036245016	0	0.938009788	0	0.283479961
19/02/2021	0	0	0.036245016	0	0.550570962	0	0.498533724
20/02/2021	0	0	0.054367524	0	0.530179445	0	0
21/02/2021	0	0	0.036245016	0	0.020391517	0	0
22/02/2021	0	0	0.018122508	0	0.020391517	0.018129947	0
23/02/2021	0	0	0.090612541	0	0.897226754	0	0.625610948
24/02/2021	0	0	0.163102573	0	1.141924959	0.217559361	0.782013685
25/02/2021	0	0	0.036245016	0	0.693311582	0	0.048875855
26/02/2021	0	0	0.126857557	0	0.591353997	0.036259894	0.27370479
27/02/2021	0	0	0.054367524	0	0.265089723	0	0
28/02/2021	0	0	0.018122508	0	0.122349103	0	0
01/03/2021	0	0	0.018122508	0	0	0.018129947	0
02/03/2021	0	0	0.126857557	0	0.28548124	0	0.54740958
03/03/2021	0	0	0.036245016	0	0.489396411	0.163169521	0.801564027
04/03/2021	0	0	0.018122508	0	0.795269168	0	0.127077224
05/03/2021	0	0	0.036245016	0	0.183523654	0	0.254154448
06/03/2021	0	0	0.054367524	0	0.28548124	0	0
07/03/2021	0	0	0.018122508	0	0.061174551	0	0
08/03/2021	0	0	0.036245016	0	0	0	0
09/03/2021	0	0	0.163102573	0	0.611745514	0	0.381231672
10/03/2021	0	0	0.072490033	0	0.958401305	0	0.449657869
11/03/2021	0	0	0.072490033	0	0.203915171	0.126909627	0.224828935
12/03/2021	0	0	0.072490033	0	0.183523654	0	0.342130987
13/03/2021	0	0	0.072490033	0	0.326264274	0	0
14/03/2021	0	0	0.072490033	0	0	0	0
15/03/2021	0	0	0	0	0	0.018129947	0
16/03/2021	0	0	0.018122508	0	0.367047308	0.018129947	0.254154448
17/03/2021	0	0	0.018122508	0	0.28548124	0.126909627	0.54740958
18/03/2021	0	0	0.054367524	0	0	0	0.078201369
19/03/2021	0	0	0.072490033	0	0.203915171	0	0.254154448
20/03/2021	0	0	0.126857557	0	0.183523654	0	0
21/03/2021	0	0	0.072490033	0	0.040783034	0	0
22/03/2021	0	0	0	0	0.020391517	0.018129947	0
23/03/2021	0	0	0.108735049	0	0.448613377	0	0.518084066
24/03/2021	0	0	0.090612541	0	0.367047308	0.126909627	0.410557185
25/03/2021	0	0	0.072490033	0	0.061174551	0	0.156402737
26/03/2021	0	0	0.036245016	0	0.407830343	0	0.283479961
27/03/2021	0	0	0.054367524	0	0.040783034	0	0
28/03/2021	0	0	0.072490033	0	0.265089723	0	0
29/03/2021	0	0	0.018122508	0	0.020391517	0.072519787	0
30/03/2021	0	0	0.054367524	0	0.28548124	0.018129947	0.27370479
31/03/2021	0	0	0.036245016	0	0.122349103	0.217559361	0.342130987
01/04/2021	0	0	0.018122508	0	0.367047308	0	0.322580645
02/04/2021	0	0	0.036245016	0	0.163132137	0	0
03/04/2021	0	0	0.036245016	0	0.040783034	0	0
04/04/2021	0	0	0.054367524	0	0.061174551	0	0
05/04/2021	0	0	0.018122508	0	0	0.05438984	0
06/04/2021	0	0	0	0	0.183523654	0.018129947	0.342130987
07/04/2021	0	0	0.018122508	0	0.101957586	0.108779681	0.439882698
08/04/2021	0	0	0.072490033	0	0.101957586	0.018129947	0.166177908
09/04/2021	0	0	0.018122508	0	0.652528548	0	0.254154448
10/04/2021	0	0	0.036245016	0	0.28548124	0	0
11/04/2021	0	0	0.036245016	0	0.040783034	0	0
12/04/2021	0	0	0	0	0	0.05438984	0
13/04/2021	0	0	0.018122508	0	0.367047308	0.018129947	0.381231672
14/04/2021	0	0	0.072490033	0	0.183523654	0.326339042	0.586510264
15/04/2021	0	0	0.018122508	0	0.163132137	0.018129947	0.400782014
16/04/2021	0	0	0.036245016	0	0.224306688	0.018129947	0.263929619
17/04/2021	0	0	0.090612541	0	0.081566069	0	0
18/04/2021	0	0	0.036245016	0	0.020391517	0	0
19/04/2021	0	0	0	0	0	0.018129947	0
20/04/2021	0	0	0.054367524	0	0.224306688	0	0.361681329
21/04/2021	0	0	0.018122508	0	0.183523654	0.453248669	0.3714565
22/04/2021	0	0	0.036245016	0	0.203915171	0.018129947	0.18572825
23/04/2021	0	0	0	0	0.020391517	0.018129947	0.400782014
24/04/2021	0	0	0.018122508	0	0.101957586	0	0
25/04/2021	0	0	0.018122508	0	0.020391517	0	0
26/04/2021	0	0	0	0	0.020391517	0	0
27/04/2021	0	0	0.054367524	0	0.203915171	0	0.439882698
28/04/2021	0	0	0.036245016	0	0.244698206	0.308209095	0.312805474
29/04/2021	0	0	0.036245016	0	0.061174551	0.018129947	0.019550342
30/04/2021	0	0	0.018122508	0	0.081566069	0.036259894	0.449657869
01/05/2021	0	0	0.036245016	0	0.061174551	0	0
02/05/2021	0	0	0	0	0	0	0
03/05/2021	0	0	0.036245016	0	0	0.018129947	0
04/05/2021	0	0	0	0	0.040783034	0	0.420332356
05/05/2021	0	0	0	0	0.14274062	0.181299468	0.586510264
06/05/2021	0	0	0.018122508	0	0.122349103	0	0.068426197
07/05/2021	0	0	0.036245016	0	-0.061174551	0	0.146627566
08/05/2021	0	0	0.018122508	0	0.020391517	0	0
09/05/2021	0	0	0	0	0.040783034	0	0
10/05/2021	0	0	0	0	0	0	0
11/05/2021	0	0	0.018122508	0	0.163132137	0	0.430107527
12/05/2021	0	0	0.018122508	0	0.163132137	0.126909627	0.488758553
13/05/2021	0	0	0.036245016	0	0	0	0
14/05/2021	0	0	0.036245016	0	0.081566069	0	0.078201369
15/05/2021	0	0	0.090612541	0	0	0	0
16/05/2021	0	0	0.108735049	0	0	0	0
17/05/2021	0	0	0.036245016	0	0	0	0
18/05/2021	0	0	0	0	0	0	0.254154448
19/05/2021	0	0	0.054367524	0	0	0.126909627	0.469208211
20/05/2021	0	0	0.108735049	0	0	0	0.019550342
21/05/2021	0	0	0	0	0	0	0.146627566
22/05/2021	0	0	0	0	0	0	0
23/05/2021	0	0	0.036245016	0	0	0	0
24/05/2021	0	0	0.036245016	0	0	0.018129947	0
25/05/2021	0	0	0	0	0	0	0.293255132
26/05/2021	0	0	0	0.294958278	0	0.018129947	0.391006843
27/05/2021	0	0	0.018122508	0	0	0	0.146627566
28/05/2021	0	0	0	0	0	0	0
29/05/2021	0	0	0	0	0	0	0
30/05/2021	0	0	0	0	0	0	0
31/05/2021	0	0	0.036245016	0	0	0	0
01/06/2021	0	0	0	0	0	0	0
02/06/2021	0	0	0.018122508	0	0	0.036259894	0
03/06/2021	0	0	0	0	0	0	0.596285435
04/06/2021	0	0	0	0	0	0	0.107526882
05/06/2021	0	0	0.018122508	0	0	0	0
06/06/2021	0	0	0	0	0	0	0
07/06/2021	0	0	0	0	0	-0.018129947	0
08/06/2021	0	0	0.018122508	0	0	0	0.224828935
09/06/2021	0	0	0.018122508	0	0	0.090649734	0.156402737
10/06/2021	0	0	0	0	0	0	0.029325513
11/06/2021	0	0	0.018122508	0	0	0	0.08797654
12/06/2021	0	0	0	0	0	0	0
13/06/2021	0	0	0	0	0	0	0
14/06/2021	0	0	0	0	0	0	0
15/06/2021	0	0	0	0	0	0	0
16/06/2021	0	0	0.036245016	0	0	0.018129947	0
17/06/2021	0	0	0	0	0.774877651	0	0
18/06/2021	0	0	0	0	0	0	0
19/06/2021	0	0	0	0	0	0	0
20/06/2021	0	0	0	0	0	0	0
21/06/2021	0	0	0	0	0	0	0
22/06/2021	0	0	0.018122508	0	0	0	0.332355816
23/06/2021	0	0	0	0	0.203915171	0.036259894	0.078201369
24/06/2021	0	0	0.018122508	0	0	0	0.029325513
25/06/2021	0	0	0	0	0	0	0
26/06/2021	0	0	0	0	0	0	0
27/06/2021	0	0	0	0	0	0	0
28/06/2021	0	0	0	0	0	0	0
29/06/2021	0	0	0	0	0	0	0.068426197
30/06/2021	0	0	0	0	0.183523654	0.036259894	0.029325513
01/07/2021	0	0	0	0	0.040783034	0	0.009775171
02/07/2021	0	0	0	0	0	0	0.009775171
03/07/2021	0	0	0	0	0	0	0
04/07/2021	0	0	0	0	0	0	0
05/07/2021	0	0	0	0	0	0	0
06/07/2021	0	0	0.018122508	0	0	0	0.019550342
07/07/2021	0	0	0.018122508	0	0.122349103	0.036259894	0.058651026
08/07/2021	0	0	0	0	0	0	0.029325513
09/07/2021	0	0	0	0	0	0	0.009775171
10/07/2021	0	0	0	0	0	0	0
11/07/2021	0	0	0	0	0	0	0
12/07/2021	0	0	0.036245016	0	0	0	0
13/07/2021	0	0	0.036245016	0	0	0	0.019550342
14/07/2021	0	0	0.018122508	0	0.244698206	0	-0.029325513
15/07/2021	0	0	0	0	0	0	0.009775171
16/07/2021	0	0	0	0	0	0	0.029325513
17/07/2021	0	0	0	0	0	0	0
18/07/2021	0	0	0	0	0	0	0
19/07/2021	0	0	0	0	0	0	0
20/07/2021	0	0	0	0	0	0	0.039100684
21/07/2021	0	0	0	0	0.163132137	0.05438984	0.009775171
22/07/2021	0	0	0.036245016	0	0	0	0
23/07/2021	0	0	0	0	0	0	0
24/07/2021	0	0	0.036245016	0	0	0	0
25/07/2021	0	0	0.018122508	0	0	0	0
26/07/2021	0	0	0.018122508	0	0	0	0
27/07/2021	0	0	0.036245016	0	0	0	0.039100684
28/07/2021	0	0	0.018122508	0	0.183523654	0	0
29/07/2021	0	0	0.018122508	0	0	0	0.009775171
30/07/2021	0	0	0.072490033	0	0	0	-0.009775171
31/07/2021	1.918538841	0	0	0	0	0	0
01/08/2021	0	0	0.018122508	0	0	0	0
02/08/2021	0	0	0	0	0	0	0
03/08/2021	0	0	0.054367524	0	0	0	0.019550342
04/08/2021	0	0	0.054367524	0	0.183523654	0.090649734	0
05/08/2021	0	0	0.072490033	0	0	0	0
06/08/2021	0	0	0.018122508	0	0	0	0
07/08/2021	0	0	0.036245016	0	0	0	0
08/08/2021	0	0	0.072490033	0	0	0	0
09/08/2021	0	0	0	0	0	0	0
10/08/2021	0	0	0.018122508	0	0	0.018129947	0.009775171
11/08/2021	0	0	0.018122508	0	0.305872757	0.036259894	0
12/08/2021	0	0	0.018122508	0	0	0	0
13/08/2021	0	0	0.018122508	0	0	0.018129947	0
14/08/2021	0	0	0.036245016	0	0	0	0
15/08/2021	0	0	0	0	0	0	0
16/08/2021	0	0	0.036245016	0	0	0.018129947	0
17/08/2021	0	0	0	0	0	0.018129947	0.009775171
18/08/2021	0	0	0.018122508	0	0.305872757	0.018129947	0.029325513
19/08/2021	0	0	0.054367524	0	0	0	0.019550342
20/08/2021	0	0	0.036245016	0	0	0	0.039100684
21/08/2021	0	0	0.018122508	0	0	0	0
22/08/2021	0	0	0	0	0	0	0
23/08/2021	0	0	0.036245016	0	0	0	0
24/08/2021	0	0	0.018122508	0	0	0	0.019550342
25/08/2021	0	0	0.054367524	0	0.367047308	0.05438984	0.039100684
26/08/2021	0	0	0.036245016	0.294958278	0	0	0.078201369
27/08/2021	0	0	0.036245016	0.294958278	0	0	0.029325513
28/08/2021	0	0	0.036245016	0	0	0	0
29/08/2021	0	0	0	0.294958278	0	0	0
30/08/2021	0	0	0.018122508	0	0	0	0
31/08/2021	0	0	0.108735049	0	0	0	0.068426197
01/09/2021	0	0	0.036245016	0	0.407830343	0.145039574	0
02/09/2021	0	0	0.018122508	0	0	0	0
03/09/2021	0	0	0.036245016	0	0	0	0
04/09/2021	0	0	0.018122508	0	0	0	0
05/09/2021	0	0	0	0	0	0	0
06/09/2021	0	0	0	0	0	0	0
07/09/2021	0	0	0.108735049	0	0	0.018129947	0.068426197
08/09/2021	0	0	0.054367524	0	0.876835237	0.05438984	0.009775171
09/09/2021	0	0	0.018122508	0	0	0.018129947	0.019550342
10/09/2021	0	0	0.036245016	0	0	0	0.009775171
11/09/2021	0	0	0	0	0	0	0
12/09/2021	0	0	0.018122508	0	0	0	0
13/09/2021	0	0	0.090612541	0	0	0	0
14/09/2021	0	0	0.018122508	0	0	0.036259894	0.254154448
15/09/2021	0	0	0.036245016	0	0.489396411	0.217559361	0.107526882
16/09/2021	0	0	0.018122508	0	0	0	0.127077224
17/09/2021	0	0	0.018122508	0	0	0	0.215053763
18/09/2021	0	0	0.018122508	0	0	0	0
19/09/2021	0	0	0	0	0	0	0
20/09/2021	0	0	0.090612541	0	0	0	0
21/09/2021	0	0	0.018122508	0	0	0	0.146627566
22/09/2021	0	0	0.018122508	0	0.611745514	0.163169521	0.18572825
23/09/2021	0	0	0.036245016	0	0	0	0.039100684
24/09/2021	0	0	0.072490033	0	0	0	0.078201369
25/09/2021	0	0	0.054367524	0	0	0	0
26/09/2021	0	0	0.018122508	0	0	0	0
27/09/2021	0	0	0.054367524	0	0	0	0
28/09/2021	0	0	0.054367524	0	0	0.018129947	0.283479961
29/09/2021	0	0	0.072490033	0	0.815660685	0.181299468	0.058651026
30/09/2021	0	0	0.072490033	0	0	0	0.078201369
01/10/2021	0	0	0.054367524	0	0	0	0.039100684
02/10/2021	0	0	0.090612541	0	0	0	0
03/10/2021	0	0	0.054367524	0	0	0	0
04/10/2021	0	0	0.090612541	0	0	0	0
05/10/2021	0	0	0.072490033	0	0	0	0.078201369
06/10/2021	0	0	0.126857557	0	0.632137031	0.181299468	0.127077224
07/10/2021	0	0	0.036245016	0	0	0	0.146627566
08/10/2021	0	0	0.054367524	0	0	0	0.009775171
09/10/2021	0	0	0.144980065	0	0	0	0
10/10/2021	0	0	0.090612541	0	0	0	0
11/10/2021	0	0	0.054367524	0	0	0	0
12/10/2021	0	0	0.090612541	0	0	0	0.146627566
13/10/2021	0	0	0.054367524	0	0.530179445	0.235689308	0.019550342
14/10/2021	0	0	0.054367524	0	0	0	0.039100684
15/10/2021	0	0	0.072490033	0	0	0	0.293255132
16/10/2021	0	0	0.036245016	0	0	0	0
17/10/2021	0	0	0.018122508	0	0	0	0
18/10/2021	0	0	0.072490033	0	0	0	0
19/10/2021	0	0	0.108735049	0	0	0	0.068426197
20/10/2021	0	0	0.018122508	0	1.284665579	0.163169521	0.215053763
21/10/2021	0	0	0.036245016	0	0	0	0.009775171
22/10/2021	0	0	0.036245016	0	0	0.018129947	0.068426197
23/10/2021	0	0	0.144980065	0	0	0	0
24/10/2021	0	0	0.072490033	0	0	0	0
25/10/2021	0	0	0.036245016	0	0	0	0
26/10/2021	0	0	0.235592606	0	0	0.018129947	0.08797654
27/10/2021	0	0	0.072490033	0	1.366231648	0.090649734	0.136852395
28/10/2021	0	0	0.090612541	0	0	0	0.019550342
29/10/2021	0	0	0.090612541	0	0	0	0.068426197
30/10/2021	0	0	0.036245016	0	0	0	0
31/10/2021	0	0	0.054367524	0	0	0	0
01/11/2021	1.918538841	0	0.090612541	0	0	0.036259894	0
02/11/2021	0	0	0.217470098	0.294958278	0	0	0.146627566
03/11/2021	1.918538841	0	0.054367524	0	1.141924959	0.308209095	0.029325513
04/11/2021	1.918538841	0	0.126857557	0	0	0.018129947	0.068426197
05/11/2021	0	0	0.163102573	0	0	0.036259894	0.068426197
06/11/2021	0	0	0.19934759	0	0	0	0
07/11/2021	0	0	0.163102573	0	0	0	0
08/11/2021	1.918538841	0	0.072490033	0	0	-0.018129947	0
09/11/2021	0	0	0.217470098	0	0	0.05438984	0.078201369
10/11/2021	0	0	0.163102573	0	1.508972268	0.416988775	0.107526882
11/11/2021	0	0	0.072490033	0	0	0.018129947	0.019550342
12/11/2021	0	0	0.108735049	0	0	0.036259894	0.039100684
13/11/2021	3.837077682	0	0.090612541	0	0	0	0
14/11/2021	0	0	0.054367524	0	0	0	0
15/11/2021	3.837077682	0	0.108735049	0	0	0.018129947	0
16/11/2021	0	0	0.308082639	0	0	0.018129947	0.117302053
17/11/2021	1.918538841	0	0.163102573	0	0.876835237	0.779587711	0.127077224
18/11/2021	0	0	0.090612541	0	0	0.018129947	0.019550342
19/11/2021	0	0	0.072490033	0	0	0.05438984	0.009775171
20/11/2021	1.918538841	0	0.108735049	0	0	0	0
21/11/2021	0	0	0.144980065	0	0	0	0
22/11/2021	0	0	0.090612541	0	0	0.05438984	0
23/11/2021	0	0	0.181225082	0	0	0.018129947	0.156402737
24/11/2021	1.918538841	0	0.181225082	0.294958278	0.876835237	0.833977551	0.156402737
25/11/2021	0	0	0.163102573	0	0	0.018129947	0
26/11/2021	0	0	0.19934759	0	0	0	0.029325513
27/11/2021	0	0	0.144980065	0	0	0	0
28/11/2021	0	0	0.144980065	0	0	0	0
29/11/2021	0	0	0.054367524	0	0	0	0
30/11/2021	0	0	0.271837622	0	0	0.072519787	0.058651026
01/12/2021	0	0	0.126857557	0	1.121533442	0.688937977	0.097751711
02/12/2021	0	0	0.217470098	0	0	0.018129947	0.029325513
03/12/2021	0	0	0.090612541	0	0	0	0.058651026
04/12/2021	0	0	0.108735049	0	0	0	0
05/12/2021	0	0	0.126857557	0	0	0	0
06/12/2021	0	0	0.090612541	0	0	0.05438984	0
07/12/2021	0	0	0.054367524	0	0	0	0.068426197
08/12/2021	0	0	0.126857557	0	1.651712887	0.688937977	0.068426197
09/12/2021	0	0	0.163102573	0	0	0.018129947	0.009775171
10/12/2021	0	0	0.126857557	0	0	0.018129947	0.058651026
11/12/2021	0	0	0.108735049	0	0	0	0
12/12/2021	0	0	0.126857557	0	0	0	0
13/12/2021	0	0	0.090612541	0.294958278	0	0	0
14/12/2021	0	0	0.126857557	0	0	0.090649734	0.127077224
15/12/2021	0	0	0.108735049	0	0.958401305	1.105926752	0.166177908
16/12/2021	0	0	0.144980065	0	0	0	0.048875855
17/12/2021	0	0	0.144980065	0	0	0.036259894	0.048875855
18/12/2021	0	0	0.144980065	0	0	0	0
19/12/2021	0	0	0.036245016	0	0	0	0
20/12/2021	0	0	0.090612541	0.294958278	0	0.05438984	0
21/12/2021	0	0	0.144980065	0	0	0.036259894	0.107526882
22/12/2021	0	0	0.108735049	0	1.121533442	0.870237444	0.166177908
23/12/2021	0	0	0.144980065	0	0	0	0.058651026
24/12/2021	0	0	0.126857557	0	0	0	0
25/12/2021	0	0	0.108735049	0	0	0	0
26/12/2021	0	0	0.072490033	0	0	0	0
27/12/2021	0	1.754632229	0.163102573	0	0	0.018129947	0
28/12/2021	0	0	0.308082639	0	0	0	0.205278592
29/12/2021	0	0	0.217470098	0	0.448613377	0.852107498	0.107526882
30/12/2021	1.918538841	0	0.235592606	0	0	0	0.127077224
31/12/2021	0	0	0.28996013	0	0	0	0
01/01/2022	0	0	0.253715114	0	0	0	0
02/01/2022	0	0	0.19934759	0	0	0	0
03/01/2022	1.918538841	0	0.217470098	0.294958278	0	0	0
04/01/2022	0	0	0.235592606	0	0	0.036259894	0.195503421
05/01/2022	0	0	0.235592606	0.294958278	0.815660685	0.761457764	0.381231672
06/01/2022	0	0	0.235592606	0	0	0	0
07/01/2022	0	0	0.19934759	0	0	0.018129947	0.078201369
08/01/2022	0	0	0.19934759	0	0	0	0
09/01/2022	0	0	0.181225082	0	0	0	0
10/01/2022	0	1.754632229	0.144980065	0	0	0	0
11/01/2022	0	0	0.163102573	0	0	0	0.527859238
12/01/2022	0	0	0.108735049	0	1.692495922	0.398858829	0.303030303
13/01/2022	0	0	0.108735049	1.179833113	0	0.163169521	0.195503421
14/01/2022	0	0	0.126857557	0.294958278	0	0	0.303030303
15/01/2022	0	0	0.108735049	0	0	0	0
16/01/2022	0	1.754632229	0.126857557	0	0	0	0
17/01/2022	0	0	0.072490033	0	0	0.018129947	0
18/01/2022	0	0	0.217470098	0	0	0.018129947	0.439882698
19/01/2022	0	0	0.072490033	0	1.060358891	0.525768456	0.654936461
20/01/2022	0	1.754632229	0	0	0	0.018129947	0.058651026
21/01/2022	0	0	0.036245016	0	0	0.018129947	0.420332356
22/01/2022	3.837077682	0	0.018122508	0	0	0	0
23/01/2022	0	0	0	0	0	0	0
24/01/2022	0	0	0	0	0	0	0
25/01/2022	0	0	0	0.294958278	0	0.036259894	0.18572825
26/01/2022	0	0	0	0	0.999184339	0.416988775	0.73313783
27/01/2022	1.918538841	1.754632229	0.453062704	0.294958278	0	0	0.097751711
28/01/2022	0	0	0.416817688	0	0	0	0.752688172
29/01/2022	0	0	0	0	0	0	0
30/01/2022	0	0	0	0	0	0	0
31/01/2022	0	0	0.869880391	0	0	0.018129947	0
01/02/2022	1.918538841	1.754632229	0	0	0	0	1.036168133
02/02/2022	0	0	0.398695179	0.294958278	1.876019576	0.489508562	0.654936461
03/02/2022	0	0	0.525552736	0	0	0	0.703812317
04/02/2022	1.918538841	0	0.308082639	0.589916556	0	0	0.782013685
05/02/2022	0	0	0	0	0	0	0
06/02/2022	0	0	0	0	0	0	0
07/02/2022	0	0	0.670532802	0.294958278	0	0	0
08/02/2022	0	1.754632229	0.036245016	0	0	0	0.625610948
09/02/2022	0	0	0.525552736	0	1.284665579	0.815847604	1.114369501
10/02/2022	3.837077682	0	0.271837622	0.589916556	0	0.018129947	0.361681329
11/02/2022	0	0	0.525552736	0.589916556	0	0	1.036168133
12/02/2022	0	0	0	0	0	0	0
13/02/2022	1.918538841	0	0	0	0	0	0
14/02/2022	1.918538841	0	0.797390359	0.294958278	0	0	0
15/02/2022	0	3.509264458	0.018122508	0.294958278	2.018760196	0	0.762463343
16/02/2022	0	1.754632229	0.48930772	0.589916556	0.183523654	0.634548136	1.339198436
17/02/2022	0	0	0.416817688	0	0.061174551	0	0.508308895
18/02/2022	0	3.509264458	0.217470098	0	0.305872757	0	0.82111437
19/02/2022	0	0	0	0	0	0	0
20/02/2022	0	0	0	0	0	0	0
21/02/2022	0	0	0.942370424	0	0.530179445	0.018129947	0
22/02/2022	0	1.754632229	0	0.884874834	0.183523654	0	0.791788856
23/02/2022	1.918538841	5.263896687	0.398695179	-0.294958278	0.163132137	0.888367391	1.28054741
24/02/2022	0	0	0.235592606	0.294958278	0.224306688	0	0.18572825
25/02/2022	1.918538841	0	0	0	0.081566069	0	0.576735093
26/02/2022	0	0	0	0	0	0	0
27/02/2022	3.837077682	0	0	0	0	0	0
28/02/2022	0	3.509264458	0.036245016	0.294958278	0.448613377	0	0
01/03/2022	0	1.754632229	0.253715114	0.884874834	0.224306688	0.018129947	0.977517107
02/03/2022	0	0	0.018122508	0	0.265089723	1.178446539	1.10459433
03/03/2022	0	-1.754632229	0.054367524	0.884874834	0.122349103	0	0.684261975
04/03/2022	0	3.509264458	0.054367524	0	0.081566069	0	0.850439883
05/03/2022	0	0	0	0	0	0	0
06/03/2022	0	0	0	0	0	0	0
07/03/2022	0	0	3.334541501	0.884874834	0.795269168	0	0
08/03/2022	0	0	0	0.589916556	0.020391517	0	0.361681329
09/03/2022	0	0	0.036245016	0.884874834	0.14274062	1.613565261	1.407624633
10/03/2022	0	0	0	0.294958278	0.244698206	0	0.54740958
11/03/2022	0	0	1.449800652	0.589916556	0.42822186	0	0.478983382
12/03/2022	0	0	0	0	0	0	0
13/03/2022	0	0	0	0	0	0	0
14/03/2022	0	0	1.159840522	0.589916556	0.265089723	0	0
15/03/2022	0	0	0.036245016	0.589916556	0.244698206	0	0.742913001
16/03/2022	0	0	0.797390359	1.179833113	0.040783034	1.323486113	0.615835777
17/03/2022	0	0	0.362450163	1.179833113	0	6.218571737	0.557184751
18/03/2022	0	0	0	0	0	0	0.576735093
19/03/2022	0	0	0	0	0	0	0
20/03/2022	0	0	0	0	0	0	0
21/03/2022	0	0	1.776005799	0	0.530179445	0	0
22/03/2022	0	1.754632229	0	0.589916556	0.326264274	0	0
23/03/2022	0	0	1.214208046	0	0.101957586	3.082090949	0
24/03/2022	0	0	0.054367524	0.589916556	0.163132137	0	1.329423265
25/03/2022	0	0	0.616165277	0.589916556	0.346655791	0	0
26/03/2022	0	0	0	0	0	0	0
27/03/2022	0	0	0	0	0	0	0
28/03/2022	0	0	1.250453063	0	0.224306688	0	0
29/03/2022	0	0	0.018122508	0	0.183523654	0	0
30/03/2022	0	0	0.906125408	0.294958278	0.203915171	3.245260469	0
31/03/2022	0	0	0.706777818	0.884874834	0.265089723	0	1.720430108
01/04/2022	0	0	0.616165277	0	0.672920065	0	0
02/04/2022	0	0	0	0	0	0	0
03/04/2022	0	0	0	0	0	0	0
04/04/2022	0	0	1.341065603	0	0.265089723	0	0
05/04/2022	0	0	0.036245016	0.294958278	0.122349103	0	0
06/04/2022	0	0	0.960492932	0	0.387438825	2.701362067	0
07/04/2022	0	0	0.48930772	0	0.387438825	0	1.37829912
08/04/2022	0	0	0	0.884874834	0.407830343	0	0
09/04/2022	0	0	0	0	0	0	0
10/04/2022	0	0	0	0	0	0	0
11/04/2022	0	0	0	0	0.42822186	0	0
12/04/2022	0	0	0	1.474791391	0.387438825	0	0
13/04/2022	0	0	0	0	0.326264274	2.103073824	0
14/04/2022	0	0	3.316418992	0	0.265089723	0	0.967741935
15/04/2022	0	0	0	0	0	0	0
16/04/2022	0	0	0	0	0	0	0
17/04/2022	0	0	0	0	0	0	0
18/04/2022	0	0	0	0	0	0	0
19/04/2022	0	0	0	0.589916556	0.652528548	0	0
20/04/2022	0	0	0	0	0.346655791	1.595435315	0
21/04/2022	0	0	2.192823487	0	0.244698206	0	0.82111437
22/04/2022	0	0	0	0.589916556	0.061174551	0	0
23/04/2022	0	0	0	0	0	0	0
24/04/2022	0	0	0	0	0	0	0
25/04/2022	0	0	0	0	0.407830343	0	0
26/04/2022	0	0	0	1.474791391	0.244698206	0	0
27/04/2022	0	0	0	0	0.530179445	1.105926752	0
28/04/2022	0	0	5.454874955	0	0.448613377	0	0.811339198
29/04/2022	0	0	0	0	0.224306688	0	0
30/04/2022	0	0	0	0	0	0	0
01/05/2022	0	0	0	0	0	0	0
02/05/2022	0	0	0	0	0	0	0
03/05/2022	0	0	0	0	0.101957586	0	0
04/05/2022	0	0	0	0	0.224306688	1.34161606	0
05/05/2022	0	0	3.823849221	0	0.101957586	0	0.508308895
06/05/2022	0	0	0	0	0.469004894	0	0
07/05/2022	0	0	0	0	0	0	0
08/05/2022	0	0	0	0	0	0	0
09/05/2022	0	0	0	0	0.652528548	0	0
10/05/2022	0	0	0	0.294958278	0.081566069	0	0
11/05/2022	0	0	0	0	0.061174551	0.997147072	0
12/05/2022	0	0	2.428416093	0	0.122349103	0	0.713587488
13/05/2022	0	0	0	0	0.550570962	0	0
14/05/2022	0	0	0	0	0	0	0
15/05/2022	0	0	0	0	0	0	0
16/05/2022	0	0	0	0	0	0	0
17/05/2022	0	0	0	9.733623179	0	0	0
18/05/2022	0	0	0	0	0.836052202	0	0
19/05/2022	0	0	2.210945995	0	0	0	0.430107527
20/05/2022	0	0	0	0	0	0.598288243	0
21/05/2022	0	0	0	0	0	0	0
22/05/2022	0	0	0	0	0	0	0
23/05/2022	0	0	0	0	0	0	0
24/05/2022	0	0	0	0	0	0	0
25/05/2022	0	0	0	0	1.223491028	0.852107498	0.351906158
26/05/2022	0	0	2.102210946	0	0	0	0
27/05/2022	0	0	0	0	0	0	0
28/05/2022	0	0	0	0	0	0	0
29/05/2022	0	0	0	0	0	0	0
30/05/2022	0	0	0	0	0	0	0
31/05/2022	0	0	0	0	0	0	0
01/06/2022	0	0	0	0	1.570146819	0.562028349	0
02/06/2022	0	0	1.902863356	0	0	0	0.361681329
03/06/2022	0	0	0	0	0	0	0
04/06/2022	0	0	0	0	0	0	0
05/06/2022	0	0	0	0	0	0	0
06/06/2022	0	0	0	0	0	0	0
07/06/2022	0	0	0	0	0	0	0
08/06/2022	0	0	0	0	0.7137031	0.688937977	0
09/06/2022	0	0	1.576658209	0	0	0	0.342130987
10/06/2022	0	0	0	0	0	0	0
11/06/2022	0	0	0	0	0	0	0
12/06/2022	0	0	0	0	0	0	0
13/06/2022	0	0	0	0	0	0	0
14/06/2022	0	0	0	0	0	0	0
15/06/2022	0	0	0	0	0.530179445	0.72519787	0
16/06/2022	0	0	1.032982965	0	0	0	0.254154448
17/06/2022	0	0	0	0	0	0	0
18/06/2022	0	0	0	0	0	0	0
19/06/2022	0	0	0	0	0	0	0
20/06/2022	0	0	0	0	0	0	0
21/06/2022	0	0	0	0	0	0	0
22/06/2022	0	0	0	0	0.550570962	0.543898403	0
23/06/2022	0	0	1.105472997	0	0	0	0.175953079
24/06/2022	0	0	0	0	0	0	0
25/06/2022	0	0	0	0	0	0	0
26/06/2022	0	0	0	0	0	0	0
27/06/2022	0	0	0	0	0	0	0
28/06/2022	0	0	0	0	0	0	0
29/06/2022	0	0	0	0	0.611745514	1.033406965	0
30/06/2022	0	0	0.779267851	0	0	0	0.303030303
01/07/2022	0	0	0	7.668915232	0	0	0
02/07/2022	0	0	0	0	0	0	0
03/07/2022	0	0	0	0	0	0	0
04/07/2022	0	0	0	0	0	0	0
05/07/2022	0	0	0	0	0	0	0
06/07/2022	0	0	0	0	0.754486134	1.414135847	0
07/07/2022	0	0	1.196085538	0	0	0	0.195503421
08/07/2022	0	0	0	0	0	0	0
09/07/2022	0	0	0	0	0	0	0
10/07/2022	0	0	0	0	0	0	0
11/07/2022	0	0	0	0	0	0	0
12/07/2022	0	0	0	0	0	0	0
13/07/2022	0	0	0	0	0.7137031	1.613565261	0
14/07/2022	0	0	1.286698079	0	0	0	0.576735093
15/07/2022	0	0	0	0	0	0	0
16/07/2022	0	0	0	0	0	0	0
17/07/2022	0	0	0	0	0	0	0
18/07/2022	0	0	0	0	0	0	0
19/07/2022	0	0	0	0	0	0	0
20/07/2022	0	0	0	0	0.999184339	1.667955102	0
21/07/2022	0	0	0	0	0	0	0.449657869
22/07/2022	0	0	0	0	0	0	0
23/07/2022	0	0	0	0	0	0	0
24/07/2022	0	0	0	0	0	0	0
25/07/2022	0	0	0	0	0	0	0
26/07/2022	0	0	0	0	0	0.489508562	0
27/07/2022	0	0	0	0	1.121533442	0	0
28/07/2022	0	0	0	0	0	0	1.065493646
29/07/2022	0	0	0	0	0	0	0
30/07/2022	0	0	0	0	0	0	0
31/07/2022	0	0	0	0	0	0	0
01/08/2022	0	0	0	0	0	0	0
02/08/2022	0	0	0	0	0	0	0
03/08/2022	0	0	0	0	0.509787928	0	0
04/08/2022	0	0	4.331279449	0	0	0	0.73313783
05/08/2022	0	0	0	0	0	0	0
06/08/2022	0	0	0	0	0	0	0
07/08/2022	0	0	0	0	0	0	0
08/08/2022	0	0	0	0	0	0	0
09/08/2022	0	0	0	0	0	3.825418766	0
10/08/2022	0	0	0	0	0.876835237	0	0
11/08/2022	0	0	1.794128307	0	0	0	0.928641251
12/08/2022	0	0	0	0	0	0	0
13/08/2022	0	0	0	0	0	0	0
14/08/2022	0	0	0	0	0	0	0
15/08/2022	0	0	0	0	0	0	0
16/08/2022	0	0	0	0	0	1.015277018	0
17/08/2022	0	0	0	0	0.795269168	0	0
18/08/2022	0	0	2.120333454	0	0	0	1.505376344
19/08/2022	0	0	0	0	0	0	0
20/08/2022	0	0	0	0	0	0	0
21/08/2022	0	0	0	0	0	0	0
22/08/2022	0	0	0	0	0	0	0
23/08/2022	0	0	0	0	0	0.326339042	0
24/08/2022	0	0	0	0	0.774877651	0	0
25/08/2022	0	0	1.993475897	0	0	0.815847604	1.251221896
26/08/2022	0	0	0	0	0	0	0
27/08/2022	0	0	0	0	0	0	0
28/08/2022	0	0	0	0	0	0	0
29/08/2022	0	0	0	0	0	0	0
30/08/2022	0	0	0	10.02858146	0	0.489508562	0
31/08/2022	0	0	0	0	0.387438825	0	0
01/09/2022	0	0	2.047843422	0	0	0	0.91886608
02/09/2022	0	0	0	0	0	0	0
03/09/2022	0	0	0	0	0	0	0
04/09/2022	0	0	0	0	0	0	0
05/09/2022	0	0	0	0	0	0	0
06/09/2022	0	0	0	0	0	0.435118722	0
07/09/2022	0	0	0	0	0.632137031	0	0
08/09/2022	0	0	1.413555636	0	0	0	0.997067449
09/09/2022	0	0	0	0	0	0	0
10/09/2022	0	0	0	0	0	0	0
11/09/2022	0	0	0	0	0	0	0
12/09/2022	0	0	0	0	0	0	0
13/09/2022	0	0	0	0	0	0	0
14/09/2022	0	0	0	0	0.632137031	0.61641819	0
15/09/2022	0	0	1.631025734	0	0	0	0.91886608
16/09/2022	0	0	0	0	0	0	0
17/09/2022	0	0	0	0	0	0	0
18/09/2022	0	0	0	0	0	0	0
19/09/2022	0	0	0	0	0	0	0
20/09/2022	0	0	0	0	0	0.489508562	0
21/09/2022	0	0	0	0	0.42822186	0	0
22/09/2022	0	0	1.268575571	0	0	0	0.762463343
23/09/2022	0	0	0	0	0	0	0
24/09/2022	0	0	0	0	0	0	0
25/09/2022	0	0	0	0	0	0	0
26/09/2022	0	0	0	0	0	0	0
27/09/2022	0	0	0	0	0	0.598288243	0
28/09/2022	0	0	0	0	0.407830343	0	0
29/09/2022	0	0	0.960492932	0	0	0	0.45943304
30/09/2022	0	0	0	0	0	0	0
01/10/2022	0	0	0	0	0	0	0
02/10/2022	0	0	0	0	0	0	0
03/10/2022	0	0	0	0	0	0	0
04/10/2022	0	0	0	0	0	0.416988775	0
05/10/2022	0	0	0	0	0.346655791	0	0
06/10/2022	0	0	0.797390359	0	0	0	0.478983382
07/10/2022	0	0	2.247191011	0	0	0	0
08/10/2022	0	0	0	0	0	0	0
09/10/2022	0	0	0	0	0	0	0
10/10/2022	0	0	0	0	0	0	0
11/10/2022	0	0	0	0	0	0.580158296	0
12/10/2022	0	0	0	0	0.591353997	0	0
13/10/2022	0	0	1.685393258	0	0	0	1.603128055
14/10/2022	0	0	0	0	0	0	0
15/10/2022	0	0	0	0	0	0	0
16/10/2022	0	0	0	0	0	0	0
17/10/2022	0	0	0	0	0	0	0
18/10/2022	0	0	0	0	0	0	0
19/10/2022	0	0	0	0	0.448613377	0.018129947	0
20/10/2022	0	0	2.990213846	0	0	0.598288243	1.212121212
21/10/2022	0	0	0	0	0	0	0
22/10/2022	0	0	0	0	0	0	0
23/10/2022	0	0	0	0	0	0	0
24/10/2022	0	0	0	0	0	0	0
25/10/2022	0	0	0	0	0	0.380728882	0
26/10/2022	0	0	0	0	0.672920065	0	0
27/10/2022	0	0	2.917723813	0	0	0	0.948191593
28/10/2022	0	0	0	0	0	0	0
29/10/2022	0	0	0	0	0	0	0
30/10/2022	0	0	0	0	0	0	0
31/10/2022	0	0	0	0	0	0	0
01/11/2022	0	0	0	1.769749669	0	0.543898403	0
02/11/2022	0	0	0	0	0.469004894	0	0
03/11/2022	0	0	3.135193911	0	0	0	0.91886608
04/11/2022	0	0	0	0	0	0	0
05/11/2022	0	0	0	0	0	0	0
06/11/2022	0	0	0	0	0	0	0
07/11/2022	0	0	0	0	0	0	0
08/11/2022	0	0	0	0	0	0	0
09/11/2022	0	0	0	0	0.693311582	0.870237444	0
10/11/2022	0	0	3.117071403	0	0	0	1.016617791
11/11/2022	0	0	0	0	0	0	0
12/11/2022	0	0	0	0	0	0	0
13/11/2022	0	0	0	0	0	0	0
14/11/2022	0	0	0	0	0	0	0
15/11/2022	0	0	0	0	0	0	0
16/11/2022	0	0	0	0	0.836052202	0	0
17/11/2022	0	0	4.71185212	0	0	0	0.694037146
18/11/2022	0	0	0	0	0	0.707067923	0
19/11/2022	0	0	0	0	0	0	0
20/11/2022	0	0	0	0	0	0	0
21/11/2022	0	0	0	0	0	0.126909627	0
22/11/2022	0	0	0	0	0	0	0
23/11/2022	0	0	0	0	0.591353997	0	0
24/11/2022	0	0	1.66727075	0	0	0	1.036168133
25/11/2022	0	0	0	0	0	0.942757231	0
26/11/2022	0	0	0	0	0	0	0
27/11/2022	0	0	0	0	0	0	0
28/11/2022	0	0	0	0	0	0	0
29/11/2022	0	0	0	0	0	0	0
30/11/2022	0	0	0	0	0.550570962	0	0
01/12/2022	0	0	3.316418992	0	0	0	0.909090909
02/12/2022	0	0	0	0	0	0.997147072	0
03/12/2022	0	0	0	0	0	0	0
04/12/2022	0	0	0	0	0	0	0
05/12/2022	0	0	0	0	0	0	0
06/12/2022	0	0	0	0	0	0	0
07/12/2022	0	0	0	0	0.693311582	0	0
08/12/2022	0	0	2.247191011	0	0	1.069666859	1.045943304
09/12/2022	0	0	0	0	0	0	0
10/12/2022	0	0	0	0	0	0	0
11/12/2022	0	0	0	0	0	0	0
12/12/2022	0	0	0	0	0	0	0
13/12/2022	0	0	0	0	0	0	0
14/12/2022	0	0	0	0	0.795269168	0	0
15/12/2022	0	0	3.823849221	0	0	0	1.270772239
16/12/2022	0	0	0	0	0	1.323486113	0
17/12/2022	0	0	0	0	0	0	0
18/12/2022	0	0	0	0	0	0	0
19/12/2022	0	0	0	0	0	0	0
20/12/2022	0	0	0	2.949582782	0	0	0
21/12/2022	0	0	0	0	0.469004894	0	0
22/12/2022	0	0	2.718376223	0	0	1.794864729	2.57086999
23/12/2022	0	0	0	0	0	0	0
24/12/2022	0	0	0	0	0	0	0
25/12/2022	0	0	0	0	0	0	0
26/12/2022	0	0	0	0	0	0	0
27/12/2022	0	0	0	0	0	0	0
28/12/2022	0	0	0	0	0	0	0
29/12/2022	0	0	0	0	0	0	1.955034213
30/12/2022	0	0	0	0	0	0	0
31/12/2022	0	0	0	0	0	0	0
01/01/2023	0	0	0	0	0	0	0
02/01/2023	0	0	0	0	0	0	0
03/01/2023	0	0	0	0	0	1.812994676	0
04/01/2023	0	0	0	0	0.938009788	0	0
05/01/2023	0	0	5.980427691	0	0	0	3.079178886
06/01/2023	0	0	0	0	0	1.613565261	0
07/01/2023	0	0	0	0	0	0	0
08/01/2023	0	0	0	0	0	0	0
09/01/2023	0	0	0	0	0	0	0
10/01/2023	0	0	0	0	0	0	0
11/01/2023	0	0	0	0	0.999184339	0	0
12/01/2023	0	0	3.04458137	0	0	0	4.916911046
13/01/2023	0	0	0	0	0	1.885514463	0
14/01/2023	0	0	0	0	0	0	0
15/01/2023	0	0	0	0	0	0	0
16/01/2023	0	0	0	0	0	0	0
17/01/2023	0	0	0	2.654624503	0	0	0
18/01/2023	0	0	0	0	0.876835237	0	0
19/01/2023	0	0	2.283436028	0	0	0	3.66568915
20/01/2023	0	0	0	0	0	1.323486113	0
21/01/2023	0	0	0	0	0	0	0
22/01/2023	0	0	0	0	0	0	0
23/01/2023	0	0	0	0	0	0	0
24/01/2023	0	0	0	0	0	0	0
25/01/2023	0	0	0	-11.50337285	0.632137031	0	0
26/01/2023	0	0	1.486045669	0	0	1.377875953	2.531769306
27/01/2023	0	0	0	0	0	0	0
28/01/2023	0	0	0	0	0	0	0
29/01/2023	0	0	0	0	0	0	0
30/01/2023	0	0	0	0	0	0	0
31/01/2023	0	0	0	0	0	0	0
01/02/2023	0	0	0	0	1.080750408	0	0
02/02/2023	0	0	1.812250816	0	0	0	1.65200391
03/02/2023	0	0	0	0	0	0.453248669	0
04/02/2023	0	0	0	0	0	0	0
05/02/2023	0	0	0	0	0	0	0
06/02/2023	0	0	0	0	0	0	0
07/02/2023	0	0	0	3.539499338	0	0	0
08/02/2023	0	0	0	0	1.77406199	0	0
09/02/2023	0	0	1.486045669	0	0	0	1.124144673
10/02/2023	0	0	0	0	0	0.271949201	0
11/02/2023	0	0	0	0	0	0	0
12/02/2023	0	0	0	0	0	0	0
13/02/2023	0	0	0	0	0	0	0
14/02/2023	0	0	0	0	0	0	0
15/02/2023	0	0	0	0	0.550570962	0	0
16/02/2023	0	0	0.68865531	0	0	0	0.694037146
17/02/2023	0	0	0	0	0	0.416988775	0
18/02/2023	0	0	0	0	0	0	0
19/02/2023	0	0	0	0	0	0	0
20/02/2023	0	0	0	0	0	0	0
21/02/2023	0	0	0	0	0	0	0
22/02/2023	0	0	0	0	0.530179445	0	0
23/02/2023	0	0	0.598042769	0	0	0	0.27370479
24/02/2023	0	0	0	0	0	0	0
25/02/2023	0	0	0	0	0	0	0
26/02/2023	0	0	0	0	0	0	0
27/02/2023	0	0	0	0	0	0	0
28/02/2023	0	0	0	15.33783046	0	0	0
01/03/2023	0	0	0	0	0.734094617	0	0
02/03/2023	0	0	0.797390359	0	0	0.688937977	0.674486804
03/03/2023	0	0	0	0	0	0	0
04/03/2023	0	0	0	0	0	0	0
05/03/2023	0	0	0	0	0	0	0
06/03/2023	0	0	0	0	0	0	0
07/03/2023	0	0	0	0	0	0	0
08/03/2023	0	0	0	0	0.346655791	0	0
09/03/2023	0	0	0.561797753	0	0	0	0.449657869
