cDate	FaroeIslands	Greenland	Finland	Iceland	Ireland	Norway	Sweden
22/01/2020	0	0	0	0	0	0	0
23/01/2020	0	0	0	0	0	0	0
24/01/2020	0	0	0	0	0	0	0
25/01/2020	0	0	0	0	0	0	0
26/01/2020	0	0	0	0	0	0	0
27/01/2020	0	0	0	0	0	0	0
28/01/2020	0	0	0	0	0	0	0
29/01/2020	0	0	0	0	0	0	0
30/01/2020	0	0	0	0	0	0	0
31/01/2020	0	0	0	0	0	0	0
01/02/2020	0	0	0	0	0	0	0
02/02/2020	0	0	0	0	0	0	0
03/02/2020	0	0	0	0	0	0	0
04/02/2020	0	0	0	0	0	0	0
05/02/2020	0	0	0	0	0	0	0
06/02/2020	0	0	0	0	0	0	0
07/02/2020	0	0	0	0	0	0	0
08/02/2020	0	0	0	0	0	0	0
09/02/2020	0	0	0	0	0	0	0
10/02/2020	0	0	0	0	0	0	0
11/02/2020	0	0	0	0	0	0	0
12/02/2020	0	0	0	0	0	0	0
13/02/2020	0	0	0	0	0	0	0
14/02/2020	0	0	0	0	0	0	0
15/02/2020	0	0	0	0	0	0	0
16/02/2020	0	0	0	0	0	0	0
17/02/2020	0	0	0	0	0	0	0
18/02/2020	0	0	0	0	0	0	0
19/02/2020	0	0	0	0	0	0	0
20/02/2020	0	0	0	0	0	0	0
21/02/2020	0	0	0	0	0	0	0
22/02/2020	0	0	0	0	0	0	0
23/02/2020	0	0	0	0	0	0	0
24/02/2020	0	0	0	0	0	0	0
25/02/2020	0	0	0	0	0	0	0
26/02/2020	0	0	0	0	0	0	0
27/02/2020	0	0	0	0	0	0	0
28/02/2020	0	0	0	0	0	0	0
29/02/2020	0	0	0	0	0	0	0
01/03/2020	0	0	0	0	0	0	0
02/03/2020	0	0	0	0	0	0	0
03/03/2020	0	0	0	0	0	0	0
04/03/2020	0	0	0	0	0	0	0
05/03/2020	0	0	0	0	0	0	0
06/03/2020	0	0	0	0	0	0	0
07/03/2020	0	0	0.018122508	0	0	0	0
08/03/2020	0	0	0.018122508	0	0	0	0
09/03/2020	0	0	0.018122508	0	0	0	0
10/03/2020	0	0	0.018122508	0	0	0	0.009775171
11/03/2020	0	0	0.018122508	0	0.020391517	0	0.009775171
12/03/2020	0	0	0.018122508	0	0.020391517	0	0.019550342
13/03/2020	0	0	0.018122508	0	0.020391517	0	0.029325513
14/03/2020	0	0	0.036245016	0	0.040783034	0.05438984	0.048875855
15/03/2020	0	0	0.054367524	1.474791391	0.040783034	0.05438984	0.068426197
16/03/2020	0	0	0.054367524	0	0.040783034	0.05438984	0.078201369
17/03/2020	0	0	0.072490033	0.294958278	0.040783034	0.05438984	0.136852395
18/03/2020	0	0	0.108735049	0.294958278	0.040783034	0.108779681	0.205278592
19/03/2020	0	0	0.108735049	0.294958278	0.061174551	0.126909627	0.293255132
20/03/2020	0	0	0.126857557	0	0.061174551	0.126909627	0.3714565
21/03/2020	0	0	0.144980065	0.294958278	0.061174551	0.126909627	0.478983382
22/03/2020	0	0	0.181225082	0.294958278	0.081566069	0.126909627	0.586510264
23/03/2020	0	0	0.19934759	0.294958278	0.122349103	0.181299468	0.791788856
24/03/2020	0	0	0.271837622	0.589916556	0.14274062	0.217559361	1.00684262
25/03/2020	0	0	0.28996013	0.589916556	0.183523654	0.253819255	1.309872923
26/03/2020	0	0	0.380572671	0.589916556	0.387438825	0.253819255	1.622678397
27/03/2020	0	0	0.453062704	0.589916556	0.448613377	0.344468988	1.964809384
28/03/2020	0	0	0.48930772	0.589916556	0.734094617	0.416988775	2.336265885
29/03/2020	0	0	0.561797753	0.589916556	0.938009788	0.453248669	2.776148583
30/03/2020	0	0	0.743022834	0.589916556	1.101141925	0.580158296	3.245356794
31/03/2020	0	0	0.924247916	0.589916556	1.447797716	0.707067923	3.76344086
01/04/2020	0	0	1.051105473	0.589916556	1.733278956	0.797717657	4.447702835
02/04/2020	0	0	1.123595506	1.179833113	1.998368679	0.906497338	5.22971652
03/04/2020	0	0	1.232330555	1.179833113	2.446982055	1.069666859	5.913978495
04/04/2020	0	0	1.322943095	1.179833113	2.793637847	1.124056699	3.646138807
05/04/2020	0	0	1.449800652	1.179833113	3.221859706	1.28722622	3.919843597
06/04/2020	0	0	1.522290685	1.769749669	3.54812398	1.377875953	4.662756598
07/04/2020	0	0	1.703515767	1.769749669	4.282218597	1.613565261	5.7771261
08/04/2020	0	0	2.011598405	1.769749669	4.792006525	1.831124622	6.715542522
09/04/2020	0	0	2.15657847	1.769749669	5.362969005	1.95803425	7.751710655
10/04/2020	0	0	2.35592606	2.064707947	5.852365416	2.048683983	8.504398827
11/04/2020	0	0	2.410293585	2.359666225	6.525285481	2.157463664	8.670576735
12/04/2020	0	0	2.464661109	2.359666225	6.810766721	2.320633185	8.787878788
13/04/2020	0	0	2.664008699	2.359666225	7.442903752	2.429412865	8.983382209
14/04/2020	0	0	2.881478797	2.359666225	8.278955954	2.520062599	10.09775171
15/04/2020	0	0	3.062703878	2.359666225	9.053833605	2.719492013	11.75953079
16/04/2020	0	0	3.316418992	2.359666225	9.910277325	2.755751907	13.03030303
17/04/2020	0	0	3.53388909	2.654624503	10.80750408	2.918921428	13.68523949
18/04/2020	0	0	3.715114172	2.654624503	11.64355628	2.973311268	14.77028348
19/04/2020	0	0	3.715114172	2.654624503	12.43882545	2.991441215	15.05376344
20/04/2020	0	0	3.823849221	2.949582782	14.00897227	3.281520363	15.44477028
21/04/2020	0	0	4.131931859	2.949582782	14.8858075	3.29965031	17.25317693
22/04/2020	0	0	4.204421892	2.949582782	15.68107667	3.390300043	18.93450635
23/04/2020	0	0	4.313156941	2.949582782	16.1908646	3.517209671	19.75562072
24/04/2020	0	0	4.313156941	2.949582782	20.67699837	3.607859404	21.03616813
25/04/2020	0	0	4.367524465	2.949582782	21.67618271	3.644119298	21.42717498
26/04/2020	0	0	4.476259514	2.949582782	22.16557912	3.644119298	21.44672532
27/04/2020	0	0	4.566872055	2.949582782	22.47145188	3.716639085	22.228739
28/04/2020	0	0	4.584994563	2.949582782	23.63376835	3.734769032	23.02052786
29/04/2020	0	0	4.62123958	2.949582782	24.26590538	3.752898978	24.06647116
30/04/2020	0	0	4.639362088	2.949582782	25.1223491	3.807288819	25.27859238
01/05/2020	0	0	4.71185212	2.949582782	25.79526917	3.807288819	25.93352884
02/05/2020	0	0	4.748097137	2.949582782	26.22349103	3.825418766	26.08993157
03/05/2020	0	0	4.802464661	2.949582782	26.57014682	3.825418766	26.18768328
04/05/2020	0	0	4.856832186	2.949582782	26.89641109	3.879808606	27.06744868
05/05/2020	0	0	4.983689743	2.949582782	27.30424144	3.897938553	27.89833822
06/05/2020	0	0	5.056179775	2.949582782	28.03833605	3.916068499	28.7487781
07/05/2020	0	0	5.092424792	2.949582782	28.60929853	3.934198446	29.71652004
08/05/2020	0	0	5.219282349	2.949582782	29.13947798	3.952328393	31.03616813
09/05/2020	0	0	5.237404857	2.949582782	29.48613377	3.97045834	31.47605083
10/05/2020	0	0	5.273649873	2.949582782	29.73083197	3.97045834	31.52492669
11/05/2020	0	0	5.273649873	2.949582782	29.91435563	4.061108073	31.82795699
12/05/2020	0	0	5.291772381	2.949582782	30.34257749	4.13362786	32.38514174
13/05/2020	0	0	5.328017398	2.949582782	30.52610114	4.151757807	33.82209189
14/05/2020	0	0	5.364262414	2.949582782	30.7096248	4.206147647	34.49657869
15/05/2020	0	0	5.364262414	2.949582782	30.954323	4.206147647	35.6402737
16/05/2020	0	0	5.382384922	2.949582782	31.26019576	4.206147647	35.91397849
17/05/2020	0	0	5.418629938	2.949582782	31.46411093	4.206147647	35.96285435
18/05/2020	0	0	5.418629938	2.949582782	31.545677	4.224277594	36.1485826
19/05/2020	0	0	5.454874955	2.949582782	31.83115824	4.224277594	36.5884653
20/05/2020	0	0	5.454874955	2.949582782	32.03507341	4.242407541	37.44868035
21/05/2020	0	0	5.472997463	2.949582782	32.27977162	4.260537488	37.83968719
22/05/2020	0	0	5.472997463	2.949582782	32.46329527	4.260537488	38.36754643
23/05/2020	0	0	5.491119971	2.949582782	32.70799347	4.260537488	39.02248289
24/05/2020	0	0	5.491119971	2.949582782	32.78955954	4.260537488	39.08113392
25/05/2020	0	0	5.491119971	2.949582782	32.74877651	4.260537488	39.38416422
26/05/2020	0	0	5.509242479	2.949582782	32.93230016	4.260537488	40.32258065
27/05/2020	0	0	5.509242479	2.949582782	33.25856444	4.260537488	41.2512219
28/05/2020	0	0	5.509242479	2.949582782	33.42169657	4.278667434	41.70087977
29/05/2020	0	0	5.509242479	2.949582782	33.54404568	4.278667434	42.52199413
30/05/2020	0	0	5.527364987	2.949582782	33.66639478	4.278667434	42.96187683
31/05/2020	0	0	5.527364987	2.949582782	33.6867863	4.278667434	42.96187683
01/06/2020	0	0	5.527364987	2.949582782	33.64600326	4.278667434	43.0400782
02/06/2020	0	0	5.527364987	2.949582782	33.8091354	4.296797381	43.67546432
03/06/2020	0	0	5.527364987	2.949582782	33.82952692	4.296797381	44.39882698
04/06/2020	0	0	5.527364987	2.949582782	33.9314845	4.314927328	44.5943304
05/06/2020	0	0	5.527364987	2.949582782	34.05383361	4.314927328	45.34701857
06/06/2020	0	0	5.527364987	2.949582782	34.21696574	4.314927328	45.51319648
07/06/2020	0	0	5.527364987	2.949582782	34.23735726	4.314927328	45.54252199
08/06/2020	0	0	5.527364987	2.949582782	34.31892333	4.333057275	45.88465298
09/06/2020	0	0	5.527364987	2.949582782	34.48205546	4.333057275	46.10948192
10/06/2020	0	0	5.527364987	2.949582782	34.56362153	4.333057275	46.87194526
11/06/2020	0	0	5.527364987	2.949582782	34.72675367	4.387447115	47.05767351
12/06/2020	0	0	5.527364987	2.949582782	34.7675367	4.387447115	47.44868035
13/06/2020	0	0	5.527364987	2.949582782	34.7675367	4.387447115	47.64418377
14/06/2020	0	0	5.527364987	2.949582782	34.78792822	4.387447115	47.64418377
15/06/2020	0	0	5.527364987	2.949582782	34.78792822	4.387447115	47.81036168
16/06/2020	0	0	5.527364987	2.949582782	34.84910277	4.387447115	48.27956989
17/06/2020	0	0	5.527364987	2.949582782	34.86949429	4.405577062	49.27663734
18/06/2020	0	0	5.527364987	2.949582782	34.95106036	4.423707008	49.39393939
19/06/2020	0	0	5.527364987	2.949582782	34.95106036	4.423707008	49.39393939
20/06/2020	0	0	5.527364987	2.949582782	34.97145188	4.423707008	49.39393939
21/06/2020	0	0	5.545487495	2.949582782	34.97145188	4.423707008	49.39393939
22/06/2020	0	0	5.563610004	2.949582782	35.01223491	4.496226795	49.39393939
23/06/2020	0	0	5.563610004	2.949582782	35.07340946	4.496226795	50.44965787
24/06/2020	0	0	5.563610004	2.949582782	35.19575856	4.514356742	50.91886608
25/06/2020	0	0	5.581732512	2.949582782	35.21615008	4.514356742	51.12414467
26/06/2020	0	0	5.581732512	2.949582782	35.27732463	4.514356742	51.61290323
27/06/2020	0	0	5.581732512	2.949582782	35.3588907	4.514356742	51.61290323
28/06/2020	0	0	5.581732512	2.949582782	35.37928222	4.514356742	51.61290323
29/06/2020	0	0	5.581732512	2.949582782	35.37928222	4.514356742	51.61290323
30/06/2020	0	0	5.59985502	2.949582782	35.39967374	4.532486689	52.13098729
01/07/2020	0	0	5.59985502	2.949582782	35.44045677	4.550616636	52.49266862
02/07/2020	0	0	5.59985502	2.949582782	35.44045677	4.550616636	52.89345064
03/07/2020	0	0	5.59985502	2.949582782	35.4812398	4.550616636	52.98142717
04/07/2020	0	0	5.59985502	2.949582782	35.50163132	4.550616636	52.98142717
05/07/2020	0	0	5.59985502	2.949582782	35.50163132	4.550616636	52.98142717
06/07/2020	0	0	5.59985502	2.949582782	35.50163132	4.550616636	52.98142717
07/07/2020	0	0	5.59985502	2.949582782	35.52202284	4.550616636	53.24535679
08/07/2020	0	0	5.59985502	2.949582782	35.44045677	4.550616636	53.58748778
09/07/2020	0	0	5.59985502	2.949582782	35.54241436	4.568746583	53.76344086
10/07/2020	0	0	5.59985502	2.949582782	35.56280587	4.568746583	54.01759531
11/07/2020	0	0	5.59985502	2.949582782	35.60358891	4.568746583	54.01759531
12/07/2020	0	0	5.59985502	2.949582782	35.60358891	4.568746583	54.01759531
13/07/2020	0	0	5.59985502	2.949582782	35.60358891	4.586876529	54.01759531
14/07/2020	0	0	5.59985502	2.949582782	35.60358891	4.586876529	54.20332356
15/07/2020	0	0	5.59985502	2.949582782	35.64437194	4.586876529	54.46725318
16/07/2020	0	0	5.59985502	2.949582782	35.66476346	4.605006476	54.67253177
17/07/2020	0	0	5.59985502	2.949582782	35.72593801	4.623136423	54.92668622
18/07/2020	0	0	5.59985502	2.949582782	35.74632953	4.623136423	54.92668622
19/07/2020	0	0	5.59985502	2.949582782	35.74632953	4.623136423	54.92668622
20/07/2020	0	0	5.59985502	2.949582782	35.74632953	4.623136423	54.92668622
21/07/2020	0	0	5.617977528	2.949582782	35.74632953	4.623136423	55.19061584
22/07/2020	0	0	5.617977528	2.949582782	35.76672104	4.623136423	55.39589443
23/07/2020	0	0	5.617977528	2.949582782	35.9502447	4.623136423	55.48387097
24/07/2020	0	0	5.617977528	2.949582782	35.9502447	4.623136423	55.68914956
25/07/2020	0	0	5.617977528	2.949582782	35.97063622	4.623136423	55.68914956
26/07/2020	0	0	5.617977528	2.949582782	35.97063622	4.623136423	55.68914956
27/07/2020	0	0	5.617977528	2.949582782	35.97063622	4.623136423	55.68914956
28/07/2020	0	0	5.617977528	2.949582782	35.97063622	4.623136423	55.73802542
29/07/2020	0	0	5.636100036	2.949582782	35.97063622	4.623136423	56.01173021
30/07/2020	0	0	5.654222544	2.949582782	35.9502447	4.623136423	56.09970674
31/07/2020	0	0	5.654222544	2.949582782	35.9502447	4.623136423	56.13880743
01/08/2020	0	0	5.654222544	2.949582782	35.9502447	4.623136423	56.13880743
02/08/2020	0	0	5.654222544	2.949582782	35.9502447	4.623136423	56.13880743
03/08/2020	0	0	5.654222544	2.949582782	35.9502447	4.64126637	56.13880743
04/08/2020	0	0	5.672345053	2.949582782	35.9502447	4.64126637	56.17790811
05/08/2020	0	0	5.672345053	2.949582782	35.9502447	4.64126637	56.30498534
06/08/2020	0	0	5.672345053	2.949582782	36.05220228	4.64126637	56.36363636
07/08/2020	0	0	5.672345053	2.949582782	36.13376835	4.64126637	56.33431085
08/08/2020	0	0	5.672345053	2.949582782	36.13376835	4.64126637	56.33431085
09/08/2020	0	0	5.672345053	2.949582782	36.13376835	4.64126637	56.33431085
10/08/2020	0	0	5.672345053	2.949582782	36.13376835	4.64126637	56.33431085
11/08/2020	0	0	5.672345053	2.949582782	36.15415987	4.64126637	56.40273705
12/08/2020	0	0	5.672345053	2.949582782	36.17455139	4.64126637	56.44183773
13/08/2020	0	0	5.672345053	2.949582782	36.17455139	4.659396316	56.46138807
14/08/2020	0	0	5.672345053	2.949582782	36.17455139	4.731916103	56.52981427
15/08/2020	0	0	5.672345053	2.949582782	36.17455139	4.731916103	56.52981427
16/08/2020	0	0	5.672345053	2.949582782	36.17455139	4.731916103	56.52981427
17/08/2020	0	0	5.690467561	2.949582782	36.17455139	4.731916103	56.52981427
18/08/2020	0	0	5.690467561	2.949582782	36.1949429	4.75004605	56.59824047
19/08/2020	0	0	5.690467561	2.949582782	36.1949429	4.75004605	56.71554252
20/08/2020	0	0	5.690467561	2.949582782	36.21533442	4.786305944	56.74486804
21/08/2020	0	0	5.690467561	2.949582782	36.21533442	4.786305944	56.79374389
22/08/2020	0	0	5.690467561	2.949582782	36.23572594	4.786305944	56.79374389
23/08/2020	0	0	5.690467561	2.949582782	36.23572594	4.786305944	56.79374389
24/08/2020	0	0	5.690467561	2.949582782	36.23572594	4.786305944	56.79374389
25/08/2020	0	0	5.690467561	2.949582782	36.23572594	4.786305944	56.83284457
26/08/2020	0	0	5.690467561	2.949582782	36.23572594	4.786305944	56.86217009
27/08/2020	0	0	5.690467561	2.949582782	36.23572594	4.786305944	56.8914956
28/08/2020	0	0	5.690467561	2.949582782	36.23572594	4.786305944	56.90127077
29/08/2020	0	0	5.690467561	2.949582782	36.23572594	4.786305944	56.90127077
30/08/2020	0	0	5.690467561	2.949582782	36.23572594	4.786305944	56.90127077
31/08/2020	0	0	5.690467561	2.949582782	36.23572594	4.786305944	56.90127077
01/09/2020	0	0	5.708590069	2.949582782	36.23572594	4.786305944	56.8230694
02/09/2020	0	0	5.726712577	2.949582782	36.23572594	4.786305944	56.8914956
03/09/2020	0	0	5.726712577	2.949582782	36.23572594	4.786305944	57.00879765
04/09/2020	0	0	5.726712577	2.949582782	36.23572594	4.786305944	57.03812317
05/09/2020	0	0	5.744835085	2.949582782	36.23572594	4.786305944	57.03812317
06/09/2020	0	0	5.744835085	2.949582782	36.23572594	4.786305944	57.03812317
07/09/2020	0	0	5.762957593	2.949582782	36.23572594	4.786305944	57.03812317
08/09/2020	0	0	5.762957593	2.949582782	36.25611746	4.786305944	57.06744868
09/09/2020	0	0	5.762957593	2.949582782	36.31729201	4.786305944	57.10654936
10/09/2020	0	0	5.817325118	2.949582782	36.31729201	4.80443589	57.11632454
11/09/2020	0	0	5.817325118	2.949582782	36.31729201	4.80443589	57.14565005
12/09/2020	0	0	5.853570134	2.949582782	36.35807504	4.80443589	57.14565005
13/09/2020	0	0	5.853570134	2.949582782	36.37846656	4.80443589	57.14565005
14/09/2020	0	0	5.853570134	2.949582782	36.37846656	4.80443589	57.14565005
15/09/2020	0	0	5.871692642	2.949582782	36.43964111	4.80443589	57.14565005
16/09/2020	0	0	5.871692642	2.949582782	36.46003263	4.80443589	57.28250244
17/09/2020	0	0	5.88981515	2.949582782	36.48042414	4.822565837	57.32160313
18/09/2020	0	0	5.88981515	2.949582782	36.54159869	4.840695784	57.3313783
19/09/2020	0	0	5.88981515	2.949582782	36.54159869	4.840695784	57.3313783
20/09/2020	0	0	5.88981515	2.949582782	36.54159869	4.840695784	57.3313783
21/09/2020	0	0	5.88981515	2.949582782	36.54159869	4.840695784	57.3313783
22/09/2020	0	0	5.88981515	2.949582782	36.54159869	4.840695784	57.3313783
23/09/2020	0	0	5.907937659	2.949582782	36.58238173	4.840695784	57.43890518
24/09/2020	0	0	5.944182675	2.949582782	36.64355628	4.895085624	57.45845552
25/09/2020	0	0	5.944182675	2.949582782	36.64355628	4.895085624	57.47800587
26/09/2020	0	0	5.962305183	2.949582782	36.74551387	4.895085624	57.47800587
27/09/2020	0	0	5.962305183	2.949582782	36.74551387	4.895085624	57.47800587
28/09/2020	0	0	5.962305183	2.949582782	36.74551387	4.967605411	57.47800587
29/09/2020	0	0	5.962305183	2.949582782	36.76590538	4.967605411	57.47800587
30/09/2020	0	0	5.962305183	2.949582782	36.7862969	4.967605411	57.60508309
01/10/2020	0	0	5.962305183	2.949582782	36.82707993	4.967605411	57.60508309
02/10/2020	0	0	5.998550199	2.949582782	36.72512235	4.985735358	57.62463343
03/10/2020	0	0	5.998550199	2.949582782	36.908646	4.985735358	57.62463343
04/10/2020	0	0	5.998550199	2.949582782	36.908646	4.985735358	57.62463343
05/10/2020	0	0	5.998550199	2.949582782	36.908646	4.985735358	57.62463343
06/10/2020	0	0	6.034795216	2.949582782	36.92903752	4.985735358	57.62463343
07/10/2020	0	0	6.052917724	2.949582782	37.03099511	4.985735358	57.59530792
08/10/2020	0	0	6.08916274	2.949582782	37.05138662	4.985735358	57.59530792
09/10/2020	0	0	6.08916274	2.949582782	37.13295269	4.985735358	57.61485826
10/10/2020	0	0	6.08916274	2.949582782	37.19412724	4.985735358	57.61485826
11/10/2020	0	0	6.107285248	2.949582782	37.23491028	4.985735358	57.61485826
12/10/2020	0	0	6.143530265	2.949582782	37.25530179	5.003865305	57.61485826
13/10/2020	0	0	6.143530265	2.949582782	37.31647635	5.021995251	57.61485826
14/10/2020	0	0	6.143530265	2.949582782	37.41843393	5.021995251	57.74193548
15/10/2020	0	0	6.179775281	2.949582782	37.47960848	5.040125198	57.771261
16/10/2020	0	0	6.179775281	3.24454106	37.54078303	5.040125198	57.84946237
17/10/2020	0	0	6.197897789	3.24454106	37.70391517	5.040125198	57.84946237
18/10/2020	0	0	6.197897789	3.24454106	37.76508972	5.040125198	57.84946237
19/10/2020	0	0	6.197897789	3.24454106	37.76508972	5.040125198	57.84946237
20/10/2020	0	0	6.252265314	3.24454106	38.03017945	5.040125198	57.84946237
21/10/2020	0	0	6.252265314	3.24454106	38.091354	5.058255145	57.95698925
22/10/2020	0	0	6.252265314	3.24454106	38.15252855	5.058255145	57.96676442
23/10/2020	0	0	6.270387822	3.24454106	38.29526917	5.058255145	57.99608993
24/10/2020	0	0	6.28851033	3.24454106	38.37683524	5.058255145	57.99608993
25/10/2020	0	0	6.28851033	3.24454106	38.37683524	5.058255145	57.99608993
26/10/2020	0	0	6.306632838	3.24454106	38.43800979	5.058255145	57.99608993
27/10/2020	0	0	6.306632838	3.24454106	38.53996737	5.076385092	57.99608993
28/10/2020	0	0	6.324755346	3.539499338	38.66231648	5.076385092	57.93743891
29/10/2020	0	0	6.324755346	3.539499338	38.78466558	5.094515038	58.0058651
30/10/2020	0	0	6.324755346	3.539499338	38.90701468	5.112644985	58.04496579
31/10/2020	0	0	6.342877854	3.539499338	39.00897227	5.112644985	58.04496579
01/11/2020	0	0	6.342877854	3.539499338	39.0497553	5.112644985	58.04496579
02/11/2020	0	0	6.342877854	3.539499338	39.09053834	5.112644985	58.04496579
03/11/2020	0	0	6.342877854	5.014290729	39.19249592	5.112644985	58.04496579
04/11/2020	0	0	6.342877854	5.014290729	39.35562806	5.112644985	58.62170088
05/11/2020	0	0	6.342877854	5.309249007	39.41680261	5.148904879	58.67057674
06/11/2020	0	0	6.342877854	5.309249007	39.55954323	5.167034825	58.86608016
07/11/2020	0	0	6.379122871	5.309249007	39.66150082	5.167034825	58.86608016
08/11/2020	0	0	6.415367887	5.899165563	39.70228385	5.167034825	58.86608016
09/11/2020	0	0	6.542225444	6.784040397	39.72267537	5.167034825	58.86608016
10/11/2020	0	0	6.596592968	7.078998676	40.02854812	5.167034825	58.86608016
11/11/2020	0	0	6.596592968	7.078998676	40.06933116	5.167034825	59.45259042
12/11/2020	0	0	6.614715477	7.373956954	40.06933116	5.275814506	59.84359726
13/11/2020	0	0	6.687205509	7.373956954	40.21207178	5.330204346	60.25415445
14/11/2020	0	0	6.814063066	7.373956954	40.33442088	5.330204346	60.25415445
15/11/2020	0	0	6.850308083	7.373956954	40.3548124	5.330204346	60.25415445
16/11/2020	0	0	6.886553099	7.373956954	40.45676998	5.330204346	60.25415445
17/11/2020	0	0	6.904675607	7.373956954	40.68107667	5.402724133	60.25415445
18/11/2020	0	0	6.922798115	7.373956954	40.90538336	5.438984027	61.7888563
19/11/2020	0	0	6.97716564	7.373956954	40.98694943	5.529633761	61.97458456
20/11/2020	0	0	7.031533164	7.668915232	41.15008157	5.547763707	62.61974585
21/11/2020	0	0	7.140268213	7.668915232	41.23164763	5.547763707	62.61974585
22/11/2020	0	0	7.321493295	7.668915232	41.25203915	5.547763707	62.61974585
23/11/2020	0	0	7.393983327	7.668915232	41.25203915	5.638413441	62.61974585
24/11/2020	0	0	7.484595868	7.668915232	41.35399674	5.692803281	62.61974585
25/11/2020	0	0	7.593330917	7.668915232	41.45595432	5.729063175	64.07624633
26/11/2020	0	0	7.738310982	7.668915232	41.51712887	5.729063175	64.7311828
27/11/2020	0	0	7.774555999	7.668915232	41.65986949	5.946622536	65.30791789
28/11/2020	0	0	7.883291047	7.668915232	41.80261011	5.946622536	65.30791789
29/11/2020	0	0	7.919536064	7.668915232	41.84339315	5.946622536	65.30791789
30/11/2020	0	0	8.010148605	7.668915232	41.86378467	6.019142323	65.30791789
01/12/2020	0	0	8.191373686	7.96387351	42.19004894	6.055402216	65.30791789
02/12/2020	0	0	8.227618702	7.96387351	42.29200653	6.363611311	68.15249267
03/12/2020	0	0	8.35447626	7.96387351	42.41435563	6.399871205	68.49462366
04/12/2020	0	0	8.481333817	7.96387351	42.53670473	6.418001152	69.08113392
05/12/2020	0	0	8.535701341	7.96387351	42.80179445	6.418001152	69.08113392
06/12/2020	0	0	8.64443639	7.96387351	42.80179445	6.418001152	69.08113392
07/12/2020	0	0	8.825661472	7.96387351	42.80179445	6.508650885	69.08113392
08/12/2020	0	0	9.006886553	8.258831788	42.76101142	6.544910779	69.08113392
09/12/2020	0	0	9.061254078	8.258831788	42.862969	6.544910779	71.31964809
10/12/2020	0	0	9.151866618	8.258831788	43.16884176	6.925639661	71.88660802
11/12/2020	0	0	9.224356651	8.258831788	43.23001631	7.016289395	73.45063539
12/12/2020	0	0	9.369336716	8.258831788	43.29119086	7.016289395	73.45063539
13/12/2020	0	0	9.423704241	8.258831788	43.31158238	7.016289395	73.45063539
14/12/2020	0	0	9.514316781	8.258831788	43.35236542	7.125069075	73.45063539
15/12/2020	0	0	9.713664371	8.258831788	43.51549755	7.161328969	73.45063539
16/12/2020	0	0	9.840521928	8.258831788	43.63784666	7.288238596	76.26588465
17/12/2020	0	0	9.913011961	8.258831788	43.69902121	7.324498489	77.15542522
18/12/2020	0	0	9.931134469	8.258831788	43.82137031	7.324498489	78.13294233
19/12/2020	0	0	10.02174701	8.258831788	43.9233279	7.324498489	78.13294233
20/12/2020	0	0	10.07611453	8.258831788	44.00489396	7.324498489	78.13294233
21/12/2020	0	0	10.14860457	8.258831788	44.00489396	7.342628436	78.13294233
22/12/2020	0	0	10.2210946	8.258831788	44.26998369	7.342628436	78.13294233
23/12/2020	0	0	10.31170714	8.258831788	44.53507341	7.632707584	80.92864125
24/12/2020	0	0	10.36607466	8.258831788	44.69820555	7.632707584	80.92864125
25/12/2020	0	0	10.42044219	8.258831788	44.73898858	7.632707584	80.92864125
26/12/2020	0	0	10.45668721	8.258831788	44.86133768	7.632707584	80.92864125
27/12/2020	0	0	10.45668721	8.258831788	44.94290375	7.632707584	80.92864125
28/12/2020	0	0	10.52917724	8.258831788	44.96329527	7.777747158	80.92864125
29/12/2020	0	0	10.61978978	8.553790066	45.12642741	7.850266945	80.92864125
30/12/2020	0	0	10.6560348	8.553790066	45.39151713	7.904656786	85.30791789
31/12/2020	0	0	10.72852483	8.553790066	45.61582382	7.904656786	85.30791789
01/01/2021	0	0	10.83725988	8.553790066	45.84013051	7.904656786	85.30791789
02/01/2021	0	0	10.8916274	8.553790066	45.92169657	7.904656786	85.30791789
03/01/2021	0	0	10.96411743	8.553790066	46.06443719	7.904656786	85.30791789
04/01/2021	0	0	11.01848496	8.553790066	46.1867863	8.140346093	85.30791789
05/01/2021	0	0	11.14534252	8.553790066	46.53344209	8.194735934	87.6344086
06/01/2021	1.918538841	0	11.21783255	8.553790066	46.88009788	8.430425242	87.6344086
07/01/2021	1.918538841	0	11.27220007	8.553790066	47.04323002	8.466685135	90.53763441
08/01/2021	1.918538841	0	11.3265676	8.553790066	47.45106036	8.557334869	92.20918866
09/01/2021	1.918538841	0	11.39905763	8.553790066	47.63458401	8.557334869	92.20918866
10/01/2021	1.918538841	0	11.43530265	8.553790066	47.79771615	8.557334869	92.20918866
11/01/2021	1.918538841	0	11.48967017	8.553790066	47.96084829	8.666114549	92.20918866
12/01/2021	1.918538841	0	11.63465024	8.553790066	48.87846656	8.738634336	92.20918866
13/01/2021	1.918538841	0	11.79775281	8.553790066	50.16313214	9.228142899	96.12903226
14/01/2021	1.918538841	0	11.88836535	8.553790066	50.73409462	9.264402792	99.5601173
15/01/2021	1.918538841	0	11.97897789	8.553790066	51.71288744	9.373182473	100.9090909
16/01/2021	1.918538841	0	11.9971004	8.553790066	52.91598695	9.373182473	100.9090909
17/01/2021	1.918538841	0	12.01522291	8.553790066	53.18107667	9.373182473	100.9090909
18/01/2021	1.918538841	0	12.01522291	8.553790066	53.34420881	9.44570226	100.9090909
19/01/2021	1.918538841	0	12.03334542	8.553790066	55.22022838	9.518222047	100.9090909
20/01/2021	1.918538841	0	12.10583545	8.553790066	56.44371941	9.844561088	105.542522
21/01/2021	1.918538841	0	12.32330555	8.553790066	57.46329527	9.862691035	106.7546432
22/01/2021	1.918538841	0	12.39579558	8.553790066	58.52365416	9.862691035	107.5757576
23/01/2021	1.918538841	0	12.43204059	8.553790066	60.09380098	9.862691035	107.5757576
24/01/2021	1.918538841	0	12.46828561	8.553790066	60.56280587	9.862691035	107.5757576
25/01/2021	1.918538841	0	12.50453063	8.553790066	60.70554649	9.935210822	107.5757576
26/01/2021	1.918538841	0	12.59514317	8.553790066	62.52039152	9.971470716	109.941349
27/01/2021	1.918538841	0	12.64951069	8.553790066	63.62153344	10.0802504	111.6813294
28/01/2021	1.918538841	0	12.64951069	8.553790066	64.57993475	10.09838034	112.6099707
29/01/2021	1.918538841	0	12.6676332	8.553790066	65.53833605	10.22528997	113.3040078
30/01/2021	1.918538841	0	12.72200072	8.553790066	67.12887439	10.22528997	113.3040078
31/01/2021	1.918538841	0	12.74012323	8.553790066	67.43474715	10.22528997	113.3040078
01/02/2021	1.918538841	0	12.74012323	8.553790066	67.63866232	10.27967981	113.3040078
02/02/2021	1.918538841	0	12.84885828	8.553790066	69.69820555	10.29780976	115.4936461
03/02/2021	1.918538841	0	12.8851033	8.553790066	71.61500816	10.40658944	116.7057674
04/02/2021	1.918538841	0	12.93947082	8.553790066	73.12398042	10.55162901	117.5757576
05/02/2021	1.918538841	0	12.95759333	8.553790066	73.83768352	10.55162901	118.4261975
06/02/2021	1.918538841	0	12.99383835	8.553790066	74.91843393	10.55162901	118.4261975
07/02/2021	1.918538841	0	12.99383835	8.553790066	75.16313214	10.55162901	118.4261975
08/02/2021	1.918538841	0	13.03008336	8.553790066	75.18352365	10.55162901	118.4261975
09/02/2021	1.918538841	0	13.1206959	8.553790066	76.50897227	10.56975896	119.1397849
10/02/2021	1.918538841	0	13.1206959	8.553790066	77.36541599	10.73292848	120.4887586
11/02/2021	1.918538841	0	13.21130845	8.553790066	78.42577488	10.73292848	120.9188661
12/02/2021	1.918538841	0	13.24755346	8.553790066	78.8132137	10.73292848	121.485826
13/02/2021	1.918538841	0	13.28379848	8.553790066	80.15905383	10.73292848	121.485826
14/02/2021	1.918538841	0	13.35628851	8.553790066	80.50570962	10.73292848	121.485826
15/02/2021	1.918538841	0	13.42877854	8.553790066	80.50570962	10.75105843	121.485826
16/02/2021	1.918538841	0	13.44690105	8.553790066	81.15823817	10.75105843	122.0625611
17/02/2021	1.918538841	0	13.53751359	8.553790066	82.30016313	11.00487768	122.8641251
18/02/2021	1.918538841	0	13.57375861	8.553790066	83.23817292	11.00487768	123.1476051
19/02/2021	1.918538841	0	13.61000362	8.553790066	83.78874388	11.00487768	123.6461388
20/02/2021	1.918538841	0	13.66437115	8.553790066	84.31892333	11.00487768	123.6461388
21/02/2021	1.918538841	0	13.70061617	8.553790066	84.33931485	11.00487768	123.6461388
22/02/2021	1.918538841	0	13.71873867	8.553790066	84.35970636	11.02300763	123.6461388
23/02/2021	1.918538841	0	13.80935121	8.553790066	85.25693312	11.02300763	124.2717498
24/02/2021	1.918538841	0	13.97245379	8.553790066	86.39885808	11.24056699	125.0537634
25/02/2021	1.918538841	0	14.0086988	8.553790066	87.09216966	11.24056699	125.1026393
26/02/2021	1.918538841	0	14.13555636	8.553790066	87.68352365	11.27682688	125.3763441
27/02/2021	1.918538841	0	14.18992389	8.553790066	87.94861338	11.27682688	125.3763441
28/02/2021	1.918538841	0	14.20804639	8.553790066	88.07096248	11.27682688	125.3763441
01/03/2021	1.918538841	0	14.2261689	8.553790066	88.07096248	11.29495683	125.3763441
02/03/2021	1.918538841	0	14.35302646	8.553790066	88.35644372	11.29495683	125.9237537
03/03/2021	1.918538841	0	14.38927148	8.553790066	88.84584013	11.45812635	126.7253177
04/03/2021	1.918538841	0	14.40739398	8.553790066	89.6411093	11.45812635	126.8523949
05/03/2021	1.918538841	0	14.443639	8.553790066	89.82463295	11.45812635	127.1065494
06/03/2021	1.918538841	0	14.49800652	8.553790066	90.11011419	11.45812635	127.1065494
07/03/2021	1.918538841	0	14.51612903	8.553790066	90.17128874	11.45812635	127.1065494
08/03/2021	1.918538841	0	14.55237405	8.553790066	90.17128874	11.45812635	127.1065494
09/03/2021	1.918538841	0	14.71547662	8.553790066	90.78303426	11.45812635	127.487781
10/03/2021	1.918538841	0	14.78796665	8.553790066	91.74143556	11.45812635	127.9374389
11/03/2021	1.918538841	0	14.86045669	8.553790066	91.94535073	11.58503598	128.1622678
12/03/2021	1.918538841	0	14.93294672	8.553790066	92.12887439	11.58503598	128.5043988
13/03/2021	1.918538841	0	15.00543675	8.553790066	92.45513866	11.58503598	128.5043988
14/03/2021	1.918538841	0	15.07792679	8.553790066	92.45513866	11.58503598	128.5043988
15/03/2021	1.918538841	0	15.07792679	8.553790066	92.45513866	11.60316592	128.5043988
16/03/2021	1.918538841	0	15.09604929	8.553790066	92.82218597	11.62129587	128.7585533
17/03/2021	1.918538841	0	15.1141718	8.553790066	93.10766721	11.7482055	129.3059629
18/03/2021	1.918538841	0	15.16853933	8.553790066	93.10766721	11.7482055	129.3841642
19/03/2021	1.918538841	0	15.24102936	8.553790066	93.31158238	11.7482055	129.6383187
20/03/2021	1.918538841	0	15.36788692	8.553790066	93.49510604	11.7482055	129.6383187
21/03/2021	1.918538841	0	15.44037695	8.553790066	93.53588907	11.7482055	129.6383187
22/03/2021	1.918538841	0	15.44037695	8.553790066	93.55628059	11.76633544	129.6383187
23/03/2021	1.918538841	0	15.549112	8.553790066	94.00489396	11.76633544	130.1564027
24/03/2021	1.918538841	0	15.63972454	8.553790066	94.37194127	11.89324507	130.5669599
25/03/2021	1.918538841	0	15.71221457	8.553790066	94.43311582	11.89324507	130.7233627
26/03/2021	1.918538841	0	15.74845959	8.553790066	94.84094617	11.89324507	131.0068426
27/03/2021	1.918538841	0	15.80282711	8.553790066	94.8817292	11.89324507	131.0068426
28/03/2021	1.918538841	0	15.87531714	8.553790066	95.14681892	11.89324507	131.0068426
29/03/2021	1.918538841	0	15.89343965	8.553790066	95.16721044	11.96576486	131.0068426
30/03/2021	1.918538841	0	15.94780718	8.553790066	95.45269168	11.98389481	131.2805474
31/03/2021	1.918538841	0	15.98405219	8.553790066	95.57504078	12.20145417	131.6226784
01/04/2021	1.918538841	0	16.0021747	8.553790066	95.94208809	12.20145417	131.945259
02/04/2021	1.918538841	0	16.03841972	8.553790066	96.10522023	12.20145417	131.945259
03/04/2021	1.918538841	0	16.07466473	8.553790066	96.14600326	12.20145417	131.945259
04/04/2021	1.918538841	0	16.12903226	8.553790066	96.20717781	12.20145417	131.945259
05/04/2021	1.918538841	0	16.14715477	8.553790066	96.20717781	12.25584401	131.945259
06/04/2021	1.918538841	0	16.14715477	8.553790066	96.39070147	12.27397395	132.28739
07/04/2021	1.918538841	0	16.16527727	8.553790066	96.49265905	12.38275363	132.7272727
08/04/2021	1.918538841	0	16.23776731	8.553790066	96.59461664	12.40088358	132.8934506
09/04/2021	1.918538841	0	16.25588982	8.553790066	97.24714519	12.40088358	133.1476051
10/04/2021	1.918538841	0	16.29213483	8.553790066	97.53262643	12.40088358	133.1476051
11/04/2021	1.918538841	0	16.32837985	8.553790066	97.57340946	12.40088358	133.1476051
12/04/2021	1.918538841	0	16.32837985	8.553790066	97.57340946	12.45527342	133.1476051
13/04/2021	1.918538841	0	16.34650236	8.553790066	97.94045677	12.47340337	133.5288368
14/04/2021	1.918538841	0	16.41899239	8.553790066	98.12398042	12.79974241	134.115347
15/04/2021	1.918538841	0	16.4371149	8.553790066	98.28711256	12.81787236	134.516129
16/04/2021	1.918538841	0	16.47335991	8.553790066	98.51141925	12.8360023	134.7800587
17/04/2021	1.918538841	0	16.56397245	8.553790066	98.59298532	12.8360023	134.7800587
18/04/2021	1.918538841	0	16.60021747	8.553790066	98.61337684	12.8360023	134.7800587
19/04/2021	1.918538841	0	16.60021747	8.553790066	98.61337684	12.85413225	134.7800587
20/04/2021	1.918538841	0	16.65458499	8.553790066	98.83768352	12.85413225	135.14174
21/04/2021	1.918538841	0	16.6727075	8.553790066	99.02120718	13.30738092	135.5131965
22/04/2021	1.918538841	0	16.70895252	8.553790066	99.22512235	13.32551087	135.6989247
23/04/2021	1.918538841	0	16.70895252	8.553790066	99.24551387	13.34364081	136.0997067
24/04/2021	1.918538841	0	16.72707503	8.553790066	99.34747145	13.34364081	136.0997067
25/04/2021	1.918538841	0	16.74519754	8.553790066	99.36786297	13.34364081	136.0997067
26/04/2021	1.918538841	0	16.74519754	8.553790066	99.38825449	13.34364081	136.0997067
27/04/2021	1.918538841	0	16.79956506	8.553790066	99.59216966	13.34364081	136.5395894
28/04/2021	1.918538841	0	16.83581008	8.553790066	99.83686786	13.65184991	136.8523949
29/04/2021	1.918538841	0	16.87205509	8.553790066	99.89804241	13.66997985	136.8719453
30/04/2021	1.918538841	0	16.8901776	8.553790066	99.97960848	13.70623975	137.3216031
01/05/2021	1.918538841	0	16.92642262	8.553790066	100.040783	13.70623975	137.3216031
02/05/2021	1.918538841	0	16.92642262	8.553790066	100.040783	13.70623975	137.3216031
03/05/2021	1.918538841	0	16.96266763	8.553790066	100.040783	13.72436969	137.3216031
04/05/2021	1.918538841	0	16.96266763	8.553790066	100.0815661	13.72436969	137.7419355
05/05/2021	1.918538841	0	16.96266763	8.553790066	100.2243067	13.90566916	138.3284457
06/05/2021	1.918538841	0	16.98079014	8.553790066	100.3466558	13.90566916	138.3968719
07/05/2021	1.918538841	0	17.01703516	8.553790066	100.2854812	13.90566916	138.5434995
08/05/2021	1.918538841	0	17.03515767	8.553790066	100.3058728	13.90566916	138.5434995
09/05/2021	1.918538841	0	17.03515767	8.553790066	100.3466558	13.90566916	138.5434995
10/05/2021	1.918538841	0	17.03515767	8.553790066	100.3466558	13.90566916	138.5434995
11/05/2021	1.918538841	0	17.05328017	8.553790066	100.5097879	13.90566916	138.973607
12/05/2021	1.918538841	0	17.07140268	8.553790066	100.6729201	14.03257879	139.4623656
13/05/2021	1.918538841	0	17.1076477	8.553790066	100.6729201	14.03257879	139.4623656
14/05/2021	1.918538841	0	17.14389271	8.553790066	100.7544861	14.03257879	139.540567
15/05/2021	1.918538841	0	17.23450526	8.553790066	100.7544861	14.03257879	139.540567
16/05/2021	1.918538841	0	17.3432403	8.553790066	100.7544861	14.03257879	139.540567
17/05/2021	1.918538841	0	17.37948532	8.553790066	100.7544861	14.03257879	139.540567
18/05/2021	1.918538841	0	17.37948532	8.553790066	100.7544861	14.03257879	139.7947214
19/05/2021	1.918538841	0	17.43385285	8.553790066	100.7544861	14.15948842	140.2639296
20/05/2021	1.918538841	0	17.54258789	8.553790066	100.7544861	14.15948842	140.28348
21/05/2021	1.918538841	0	17.54258789	8.553790066	100.7544861	14.15948842	140.4301075
22/05/2021	1.918538841	0	17.54258789	8.553790066	100.7544861	14.15948842	140.4301075
23/05/2021	1.918538841	0	17.57883291	8.553790066	100.7544861	14.15948842	140.4301075
24/05/2021	1.918538841	0	17.61507793	8.553790066	100.7544861	14.17761836	140.4301075
25/05/2021	1.918538841	0	17.61507793	8.553790066	100.7544861	14.17761836	140.7233627
26/05/2021	1.918538841	0	17.61507793	8.848748345	100.7544861	14.19574831	141.1143695
27/05/2021	1.918538841	0	17.63320043	8.848748345	100.7544861	14.19574831	141.2609971
28/05/2021	1.918538841	0	17.63320043	8.848748345	100.7544861	14.19574831	141.2609971
29/05/2021	1.918538841	0	17.63320043	8.848748345	100.7544861	14.19574831	141.2609971
30/05/2021	1.918538841	0	17.63320043	8.848748345	100.7544861	14.19574831	141.2609971
31/05/2021	1.918538841	0	17.66944545	8.848748345	100.7544861	14.19574831	141.2609971
01/06/2021	1.918538841	0	17.66944545	8.848748345	100.7544861	14.19574831	141.2609971
02/06/2021	1.918538841	0	17.68756796	8.848748345	100.7544861	14.2320082	141.2609971
03/06/2021	1.918538841	0	17.68756796	8.848748345	100.7544861	14.2320082	141.8572825
04/06/2021	1.918538841	0	17.68756796	8.848748345	100.7544861	14.2320082	141.9648094
05/06/2021	1.918538841	0	17.70569047	8.848748345	100.7544861	14.2320082	141.9648094
06/06/2021	1.918538841	0	17.70569047	8.848748345	100.7544861	14.2320082	141.9648094
07/06/2021	1.918538841	0	17.70569047	8.848748345	100.7544861	14.21387826	141.9648094
08/06/2021	1.918538841	0	17.72381298	8.848748345	100.7544861	14.21387826	142.1896383
09/06/2021	1.918538841	0	17.74193548	8.848748345	100.7544861	14.30452799	142.3460411
10/06/2021	1.918538841	0	17.74193548	8.848748345	100.7544861	14.30452799	142.3753666
11/06/2021	1.918538841	0	17.76005799	8.848748345	100.7544861	14.30452799	142.4633431
12/06/2021	1.918538841	0	17.76005799	8.848748345	100.7544861	14.30452799	142.4633431
13/06/2021	1.918538841	0	17.76005799	8.848748345	100.7544861	14.30452799	142.4633431
14/06/2021	1.918538841	0	17.76005799	8.848748345	100.7544861	14.30452799	142.4633431
15/06/2021	1.918538841	0	17.76005799	8.848748345	100.7544861	14.30452799	142.4633431
16/06/2021	1.918538841	0	17.79630301	8.848748345	100.7544861	14.32265794	142.4633431
17/06/2021	1.918538841	0	17.79630301	8.848748345	101.5293638	14.32265794	142.4633431
18/06/2021	1.918538841	0	17.79630301	8.848748345	101.5293638	14.32265794	142.4633431
19/06/2021	1.918538841	0	17.79630301	8.848748345	101.5293638	14.32265794	142.4633431
20/06/2021	1.918538841	0	17.79630301	8.848748345	101.5293638	14.32265794	142.4633431
21/06/2021	1.918538841	0	17.79630301	8.848748345	101.5293638	14.32265794	142.4633431
22/06/2021	1.918538841	0	17.81442552	8.848748345	101.5293638	14.32265794	142.7956989
23/06/2021	1.918538841	0	17.81442552	8.848748345	101.733279	14.35891783	142.8739003
24/06/2021	1.918538841	0	17.83254802	8.848748345	101.733279	14.35891783	142.9032258
25/06/2021	1.918538841	0	17.83254802	8.848748345	101.733279	14.35891783	142.9032258
26/06/2021	1.918538841	0	17.83254802	8.848748345	101.733279	14.35891783	142.9032258
27/06/2021	1.918538841	0	17.83254802	8.848748345	101.733279	14.35891783	142.9032258
28/06/2021	1.918538841	0	17.83254802	8.848748345	101.733279	14.35891783	142.9032258
29/06/2021	1.918538841	0	17.83254802	8.848748345	101.733279	14.35891783	142.971652
30/06/2021	1.918538841	0	17.83254802	8.848748345	101.9168026	14.39517772	143.0009775
01/07/2021	1.918538841	0	17.83254802	8.848748345	101.9575856	14.39517772	143.0107527
02/07/2021	1.918538841	0	17.83254802	8.848748345	101.9575856	14.39517772	143.0205279
03/07/2021	1.918538841	0	17.83254802	8.848748345	101.9575856	14.39517772	143.0205279
04/07/2021	1.918538841	0	17.83254802	8.848748345	101.9575856	14.39517772	143.0205279
05/07/2021	1.918538841	0	17.83254802	8.848748345	101.9575856	14.39517772	143.0205279
06/07/2021	1.918538841	0	17.85067053	8.848748345	101.9575856	14.39517772	143.0400782
07/07/2021	1.918538841	0	17.86879304	8.848748345	102.0799347	14.43143762	143.0987292
08/07/2021	1.918538841	0	17.86879304	8.848748345	102.0799347	14.43143762	143.1280547
09/07/2021	1.918538841	0	17.86879304	8.848748345	102.0799347	14.43143762	143.1378299
10/07/2021	1.918538841	0	17.86879304	8.848748345	102.0799347	14.43143762	143.1378299
11/07/2021	1.918538841	0	17.86879304	8.848748345	102.0799347	14.43143762	143.1378299
12/07/2021	1.918538841	0	17.90503806	8.848748345	102.0799347	14.43143762	143.1378299
13/07/2021	1.918538841	0	17.94128307	8.848748345	102.0799347	14.43143762	143.1573803
14/07/2021	1.918538841	0	17.95940558	8.848748345	102.324633	14.43143762	143.1280547
15/07/2021	1.918538841	0	17.95940558	8.848748345	102.324633	14.43143762	143.1378299
16/07/2021	1.918538841	0	17.95940558	8.848748345	102.324633	14.43143762	143.1671554
17/07/2021	1.918538841	0	17.95940558	8.848748345	102.324633	14.43143762	143.1671554
18/07/2021	1.918538841	0	17.95940558	8.848748345	102.324633	14.43143762	143.1671554
19/07/2021	1.918538841	0	17.95940558	8.848748345	102.324633	14.43143762	143.1671554
20/07/2021	1.918538841	0	17.95940558	8.848748345	102.324633	14.43143762	143.2062561
21/07/2021	1.918538841	0	17.95940558	8.848748345	102.4877651	14.48582746	143.2160313
22/07/2021	1.918538841	0	17.9956506	8.848748345	102.4877651	14.48582746	143.2160313
23/07/2021	1.918538841	0	17.9956506	8.848748345	102.4877651	14.48582746	143.2160313
24/07/2021	1.918538841	0	18.03189561	8.848748345	102.4877651	14.48582746	143.2160313
25/07/2021	1.918538841	0	18.05001812	8.848748345	102.4877651	14.48582746	143.2160313
26/07/2021	1.918538841	0	18.06814063	8.848748345	102.4877651	14.48582746	143.2160313
27/07/2021	1.918538841	0	18.10438565	8.848748345	102.4877651	14.48582746	143.255132
28/07/2021	1.918538841	0	18.12250816	8.848748345	102.6712887	14.48582746	143.255132
29/07/2021	1.918538841	0	18.14063066	8.848748345	102.6712887	14.48582746	143.2649071
30/07/2021	1.918538841	0	18.2131207	8.848748345	102.6712887	14.48582746	143.255132
31/07/2021	3.837077682	0	18.2131207	8.848748345	102.6712887	14.48582746	143.255132
01/08/2021	3.837077682	0	18.2312432	8.848748345	102.6712887	14.48582746	143.255132
02/08/2021	3.837077682	0	18.2312432	8.848748345	102.6712887	14.48582746	143.255132
03/08/2021	3.837077682	0	18.28561073	8.848748345	102.6712887	14.48582746	143.2746823
04/08/2021	3.837077682	0	18.33997825	8.848748345	102.8548124	14.57647719	143.2746823
05/08/2021	3.837077682	0	18.41246829	8.848748345	102.8548124	14.57647719	143.2746823
06/08/2021	3.837077682	0	18.43059079	8.848748345	102.8548124	14.57647719	143.2746823
07/08/2021	3.837077682	0	18.46683581	8.848748345	102.8548124	14.57647719	143.2746823
08/08/2021	3.837077682	0	18.53932584	8.848748345	102.8548124	14.57647719	143.2746823
09/08/2021	3.837077682	0	18.53932584	8.848748345	102.8548124	14.57647719	143.2746823
10/08/2021	3.837077682	0	18.55744835	8.848748345	102.8548124	14.59460714	143.2844575
11/08/2021	3.837077682	0	18.57557086	8.848748345	103.1606852	14.63086703	143.2844575
12/08/2021	3.837077682	0	18.59369337	8.848748345	103.1606852	14.63086703	143.2844575
13/08/2021	3.837077682	0	18.61181588	8.848748345	103.1606852	14.64899698	143.2844575
14/08/2021	3.837077682	0	18.64806089	8.848748345	103.1606852	14.64899698	143.2844575
15/08/2021	3.837077682	0	18.64806089	8.848748345	103.1606852	14.64899698	143.2844575
16/08/2021	3.837077682	0	18.68430591	8.848748345	103.1606852	14.66712693	143.2844575
17/08/2021	3.837077682	0	18.68430591	8.848748345	103.1606852	14.68525687	143.2942326
18/08/2021	3.837077682	0	18.70242842	8.848748345	103.4665579	14.70338682	143.3235582
19/08/2021	3.837077682	0	18.75679594	8.848748345	103.4665579	14.70338682	143.3431085
20/08/2021	3.837077682	0	18.79304096	8.848748345	103.4665579	14.70338682	143.3822092
21/08/2021	3.837077682	0	18.81116347	8.848748345	103.4665579	14.70338682	143.3822092
22/08/2021	3.837077682	0	18.81116347	8.848748345	103.4665579	14.70338682	143.3822092
23/08/2021	3.837077682	0	18.84740848	8.848748345	103.4665579	14.70338682	143.3822092
24/08/2021	3.837077682	0	18.86553099	8.848748345	103.4665579	14.70338682	143.4017595
25/08/2021	3.837077682	0	18.91989851	8.848748345	103.8336052	14.75777666	143.4408602
26/08/2021	3.837077682	0	18.95614353	9.143706623	103.8336052	14.75777666	143.5190616
27/08/2021	3.837077682	0	18.99238855	9.438664901	103.8336052	14.75777666	143.5483871
28/08/2021	3.837077682	0	19.02863356	9.438664901	103.8336052	14.75777666	143.5483871
29/08/2021	3.837077682	0	19.02863356	9.733623179	103.8336052	14.75777666	143.5483871
30/08/2021	3.837077682	0	19.04675607	9.733623179	103.8336052	14.75777666	143.5483871
31/08/2021	3.837077682	0	19.15549112	9.733623179	103.8336052	14.75777666	143.6168133
01/09/2021	3.837077682	0	19.19173614	9.733623179	104.2414356	14.90281623	143.6168133
02/09/2021	3.837077682	0	19.20985864	9.733623179	104.2414356	14.90281623	143.6168133
03/09/2021	3.837077682	0	19.24610366	9.733623179	104.2414356	14.90281623	143.6168133
04/09/2021	3.837077682	0	19.26422617	9.733623179	104.2414356	14.90281623	143.6168133
05/09/2021	3.837077682	0	19.26422617	9.733623179	104.2414356	14.90281623	143.6168133
06/09/2021	3.837077682	0	19.26422617	9.733623179	104.2414356	14.90281623	143.6168133
07/09/2021	3.837077682	0	19.37296122	9.733623179	104.2414356	14.92094618	143.6852395
08/09/2021	3.837077682	0	19.42732874	9.733623179	105.1182708	14.97533602	143.6950147
09/09/2021	3.837077682	0	19.44545125	9.733623179	105.1182708	14.99346597	143.714565
10/09/2021	3.837077682	0	19.48169627	9.733623179	105.1182708	14.99346597	143.7243402
11/09/2021	3.837077682	0	19.48169627	9.733623179	105.1182708	14.99346597	143.7243402
12/09/2021	3.837077682	0	19.49981877	9.733623179	105.1182708	14.99346597	143.7243402
13/09/2021	3.837077682	0	19.59043132	9.733623179	105.1182708	14.99346597	143.7243402
14/09/2021	3.837077682	0	19.60855382	9.733623179	105.1182708	15.02972586	143.9784946
15/09/2021	3.837077682	0	19.64479884	9.733623179	105.6076672	15.24728522	144.0860215
16/09/2021	3.837077682	0	19.66292135	9.733623179	105.6076672	15.24728522	144.2130987
17/09/2021	3.837077682	0	19.68104386	9.733623179	105.6076672	15.24728522	144.4281525
18/09/2021	3.837077682	0	19.69916636	9.733623179	105.6076672	15.24728522	144.4281525
19/09/2021	3.837077682	0	19.69916636	9.733623179	105.6076672	15.24728522	144.4281525
20/09/2021	3.837077682	0	19.78977891	9.733623179	105.6076672	15.24728522	144.4281525
21/09/2021	3.837077682	0	19.80790141	9.733623179	105.6076672	15.24728522	144.5747801
22/09/2021	3.837077682	0	19.82602392	9.733623179	106.2194127	15.41045474	144.7605083
23/09/2021	3.837077682	0	19.86226894	9.733623179	106.2194127	15.41045474	144.799609
24/09/2021	3.837077682	0	19.93475897	9.733623179	106.2194127	15.41045474	144.8778104
25/09/2021	3.837077682	0	19.9891265	9.733623179	106.2194127	15.41045474	144.8778104
26/09/2021	3.837077682	0	20.007249	9.733623179	106.2194127	15.41045474	144.8778104
27/09/2021	3.837077682	0	20.06161653	9.733623179	106.2194127	15.41045474	144.8778104
28/09/2021	3.837077682	0	20.11598405	9.733623179	106.2194127	15.42858469	145.1612903
29/09/2021	3.837077682	0	20.18847408	9.733623179	107.0350734	15.60988416	145.2199413
30/09/2021	3.837077682	0	20.26096412	9.733623179	107.0350734	15.60988416	145.2981427
01/10/2021	3.837077682	0	20.31533164	9.733623179	107.0350734	15.60988416	145.3372434
02/10/2021	3.837077682	0	20.40594418	9.733623179	107.0350734	15.60988416	145.3372434
03/10/2021	3.837077682	0	20.46031171	9.733623179	107.0350734	15.60988416	145.3372434
04/10/2021	3.837077682	0	20.55092425	9.733623179	107.0350734	15.60988416	145.3372434
05/10/2021	3.837077682	0	20.62341428	9.733623179	107.0350734	15.60988416	145.4154448
06/10/2021	3.837077682	0	20.75027184	9.733623179	107.6672104	15.79118362	145.542522
07/10/2021	3.837077682	0	20.78651685	9.733623179	107.6672104	15.79118362	145.6891496
08/10/2021	3.837077682	0	20.84088438	9.733623179	107.6672104	15.79118362	145.6989247
09/10/2021	3.837077682	0	20.98586444	9.733623179	107.6672104	15.79118362	145.6989247
10/10/2021	3.837077682	0	21.07647698	9.733623179	107.6672104	15.79118362	145.6989247
11/10/2021	3.837077682	0	21.13084451	9.733623179	107.6672104	15.79118362	145.6989247
12/10/2021	3.837077682	0	21.22145705	9.733623179	107.6672104	15.79118362	145.8455523
13/10/2021	3.837077682	0	21.27582457	9.733623179	108.1973899	16.02687293	145.8651026
14/10/2021	3.837077682	0	21.3301921	9.733623179	108.1973899	16.02687293	145.9042033
15/10/2021	3.837077682	0	21.40268213	9.733623179	108.1973899	16.02687293	146.1974585
16/10/2021	3.837077682	0	21.43892715	9.733623179	108.1973899	16.02687293	146.1974585
17/10/2021	3.837077682	0	21.45704966	9.733623179	108.1973899	16.02687293	146.1974585
18/10/2021	3.837077682	0	21.52953969	9.733623179	108.1973899	16.02687293	146.1974585
19/10/2021	3.837077682	0	21.63827474	9.733623179	108.1973899	16.02687293	146.2658847
20/10/2021	3.837077682	0	21.65639725	9.733623179	109.4820555	16.19004245	146.4809384
21/10/2021	3.837077682	0	21.69264226	9.733623179	109.4820555	16.19004245	146.4907136
22/10/2021	3.837077682	0	21.72888728	9.733623179	109.4820555	16.2081724	146.5591398
23/10/2021	3.837077682	0	21.87386734	9.733623179	109.4820555	16.2081724	146.5591398
24/10/2021	3.837077682	0	21.94635738	9.733623179	109.4820555	16.2081724	146.5591398
25/10/2021	3.837077682	0	21.98260239	9.733623179	109.4820555	16.2081724	146.5591398
26/10/2021	3.837077682	0	22.218195	9.733623179	109.4820555	16.22630235	146.6471163
27/10/2021	3.837077682	0	22.29068503	9.733623179	110.8482871	16.31695208	146.7839687
28/10/2021	3.837077682	0	22.38129757	9.733623179	110.8482871	16.31695208	146.8035191
29/10/2021	3.837077682	0	22.47191011	9.733623179	110.8482871	16.31695208	146.8719453
30/10/2021	3.837077682	0	22.50815513	9.733623179	110.8482871	16.31695208	146.8719453
31/10/2021	3.837077682	0	22.56252265	9.733623179	110.8482871	16.31695208	146.8719453
01/11/2021	5.755616522	0	22.65313519	9.733623179	110.8482871	16.35321197	146.8719453
02/11/2021	5.755616522	0	22.87060529	10.02858146	110.8482871	16.35321197	147.0185728
03/11/2021	7.674155363	0	22.92497282	10.02858146	111.9902121	16.66142107	147.0478983
04/11/2021	9.592694204	0	23.05183037	10.02858146	111.9902121	16.67955102	147.1163245
05/11/2021	9.592694204	0	23.21493295	10.02858146	111.9902121	16.71581091	147.1847507
06/11/2021	9.592694204	0	23.41428054	10.02858146	111.9902121	16.71581091	147.1847507
07/11/2021	9.592694204	0	23.57738311	10.02858146	111.9902121	16.71581091	147.1847507
08/11/2021	11.51123304	0	23.64987314	10.02858146	111.9902121	16.69768096	147.1847507
09/11/2021	11.51123304	0	23.86734324	10.02858146	111.9902121	16.7520708	147.2629521
10/11/2021	11.51123304	0	24.03044581	10.02858146	113.4991843	17.16905958	147.370479
11/11/2021	11.51123304	0	24.10293585	10.02858146	113.4991843	17.18718952	147.3900293
12/11/2021	11.51123304	0	24.2116709	10.02858146	113.4991843	17.22344942	147.42913
13/11/2021	15.34831073	0	24.30228344	10.02858146	113.4991843	17.22344942	147.42913
14/11/2021	15.34831073	0	24.35665096	10.02858146	113.4991843	17.22344942	147.42913
15/11/2021	19.18538841	0	24.46538601	10.02858146	113.4991843	17.24157936	147.42913
16/11/2021	19.18538841	0	24.77346865	10.02858146	113.4991843	17.25970931	147.5464321
17/11/2021	21.10392725	0	24.93657122	10.02858146	114.3760196	18.03929702	147.6735093
18/11/2021	21.10392725	0	25.02718376	10.02858146	114.3760196	18.05742697	147.6930596
19/11/2021	21.10392725	0	25.09967379	10.02858146	114.3760196	18.11181681	147.7028348
20/11/2021	23.02246609	0	25.20840884	10.02858146	114.3760196	18.11181681	147.7028348
21/11/2021	23.02246609	0	25.35338891	10.02858146	114.3760196	18.11181681	147.7028348
22/11/2021	23.02246609	0	25.44400145	10.02858146	114.3760196	18.16620665	147.7028348
23/11/2021	23.02246609	0	25.62522653	10.02858146	114.3760196	18.1843366	147.8592375
24/11/2021	24.94100493	0	25.80645161	10.32353974	115.2528548	19.01831415	148.0156403
25/11/2021	24.94100493	0	25.96955419	10.32353974	115.2528548	19.03644409	148.0156403
26/11/2021	24.94100493	0	26.16890178	10.32353974	115.2528548	19.03644409	148.0449658
27/11/2021	24.94100493	0	26.31388184	10.32353974	115.2528548	19.03644409	148.0449658
28/11/2021	24.94100493	0	26.45886191	10.32353974	115.2528548	19.03644409	148.0449658
29/11/2021	24.94100493	0	26.51322943	10.32353974	115.2528548	19.03644409	148.0449658
30/11/2021	24.94100493	0	26.78506705	10.32353974	115.2528548	19.10896388	148.1036168
01/12/2021	24.94100493	0	26.91192461	10.32353974	116.3743883	19.79790186	148.2013685
02/12/2021	24.94100493	0	27.12939471	10.32353974	116.3743883	19.8160318	148.230694
03/12/2021	24.94100493	0	27.22000725	10.32353974	116.3743883	19.8160318	148.2893451
04/12/2021	24.94100493	0	27.3287423	10.32353974	116.3743883	19.8160318	148.2893451
05/12/2021	24.94100493	0	27.45559986	10.32353974	116.3743883	19.8160318	148.2893451
06/12/2021	24.94100493	0	27.5462124	10.32353974	116.3743883	19.87042164	148.2893451
07/12/2021	24.94100493	0	27.60057992	10.32353974	116.3743883	19.87042164	148.3577713
08/12/2021	24.94100493	0	27.72743748	10.32353974	118.0261011	20.55935962	148.4261975
09/12/2021	24.94100493	0	27.89054005	10.32353974	118.0261011	20.57748957	148.4359726
10/12/2021	24.94100493	0	28.01739761	10.32353974	118.0261011	20.59561951	148.4946237
11/12/2021	24.94100493	0	28.12613266	10.32353974	118.0261011	20.59561951	148.4946237
12/12/2021	24.94100493	0	28.25299021	10.32353974	118.0261011	20.59561951	148.4946237
13/12/2021	24.94100493	0	28.34360275	10.61849801	118.0261011	20.59561951	148.4946237
14/12/2021	24.94100493	0	28.47046031	10.61849801	118.0261011	20.68626925	148.6217009
15/12/2021	24.94100493	0	28.57919536	10.61849801	118.9845024	21.792196	148.7878788
16/12/2021	24.94100493	0	28.72417543	10.61849801	118.9845024	21.792196	148.8367546
17/12/2021	24.94100493	0	28.86915549	10.61849801	118.9845024	21.82845589	148.8856305
18/12/2021	24.94100493	0	29.01413556	10.61849801	118.9845024	21.82845589	148.8856305
19/12/2021	24.94100493	0	29.05038057	10.61849801	118.9845024	21.82845589	148.8856305
20/12/2021	24.94100493	0	29.14099311	10.91345629	118.9845024	21.88284573	148.8856305
21/12/2021	24.94100493	0	29.28597318	10.91345629	118.9845024	21.91910563	148.9931574
22/12/2021	24.94100493	0	29.39470823	10.91345629	120.1060359	22.78934307	149.1593353
23/12/2021	24.94100493	0	29.53968829	10.91345629	120.1060359	22.78934307	149.2179863
24/12/2021	24.94100493	0	29.66654585	10.91345629	120.1060359	22.78934307	149.2179863
25/12/2021	24.94100493	0	29.7752809	10.91345629	120.1060359	22.78934307	149.2179863
26/12/2021	24.94100493	0	29.84777093	10.91345629	120.1060359	22.78934307	149.2179863
27/12/2021	24.94100493	1.754632229	30.0108735	10.91345629	120.1060359	22.80747302	149.2179863
28/12/2021	24.94100493	1.754632229	30.31895614	10.91345629	120.1060359	22.80747302	149.4232649
29/12/2021	24.94100493	1.754632229	30.53642624	10.91345629	120.5546493	23.65958052	149.5307918
30/12/2021	26.85954377	1.754632229	30.77201885	10.91345629	120.5546493	23.65958052	149.657869
31/12/2021	26.85954377	1.754632229	31.06197898	10.91345629	120.5546493	23.65958052	149.657869
01/01/2022	26.85954377	1.754632229	31.31569409	10.91345629	120.5546493	23.65958052	149.657869
02/01/2022	26.85954377	1.754632229	31.51504168	10.91345629	120.5546493	23.65958052	149.657869
03/01/2022	28.77808261	1.754632229	31.73251178	11.20841457	120.5546493	23.65958052	149.657869
04/01/2022	28.77808261	1.754632229	31.96810439	11.20841457	120.5546493	23.69584041	149.8533724
05/01/2022	28.77808261	1.754632229	32.20369699	11.50337285	121.37031	24.45729817	150.2346041
06/01/2022	28.77808261	1.754632229	32.4392896	11.50337285	121.37031	24.45729817	150.2346041
07/01/2022	28.77808261	1.754632229	32.63863719	11.50337285	121.37031	24.47542812	150.3128055
08/01/2022	28.77808261	1.754632229	32.83798478	11.50337285	121.37031	24.47542812	150.3128055
09/01/2022	28.77808261	1.754632229	33.01920986	11.50337285	121.37031	24.47542812	150.3128055
10/01/2022	28.77808261	3.509264458	33.16418992	11.50337285	121.37031	24.47542812	150.3128055
11/01/2022	28.77808261	3.509264458	33.3272925	11.50337285	121.37031	24.47542812	150.8406647
12/01/2022	28.77808261	3.509264458	33.43602755	11.50337285	123.0628059	24.87428695	151.143695
13/01/2022	28.77808261	3.509264458	33.5447626	12.68320596	123.0628059	25.03745647	151.3391984
14/01/2022	28.77808261	3.509264458	33.67162015	12.97816424	123.0628059	25.03745647	151.6422287
15/01/2022	28.77808261	3.509264458	33.7803552	12.97816424	123.0628059	25.03745647	151.6422287
16/01/2022	28.77808261	5.263896687	33.90721276	12.97816424	123.0628059	25.03745647	151.6422287
17/01/2022	28.77808261	5.263896687	33.97970279	12.97816424	123.0628059	25.05558642	151.6422287
18/01/2022	28.77808261	5.263896687	34.19717289	12.97816424	123.0628059	25.07371636	152.0821114
19/01/2022	28.77808261	5.263896687	34.26966292	12.97816424	124.1231648	25.59948482	152.7370479
20/01/2022	28.77808261	7.018528916	34.26966292	12.97816424	124.1231648	25.61761477	152.7956989
21/01/2022	28.77808261	7.018528916	34.30590794	12.97816424	124.1231648	25.63574471	153.2160313
22/01/2022	32.61516029	7.018528916	34.32403045	12.97816424	124.1231648	25.63574471	153.2160313
23/01/2022	32.61516029	7.018528916	34.32403045	12.97816424	124.1231648	25.63574471	153.2160313
24/01/2022	32.61516029	7.018528916	34.32403045	12.97816424	124.1231648	25.63574471	153.2160313
25/01/2022	32.61516029	7.018528916	34.32403045	13.27312252	124.1231648	25.67200461	153.4017595
26/01/2022	32.61516029	7.018528916	34.32403045	13.27312252	125.1223491	26.08899338	154.1348974
27/01/2022	34.53369913	8.773161145	34.77709315	13.56808079	125.1223491	26.08899338	154.2326491
28/01/2022	34.53369913	8.773161145	35.19391084	13.56808079	125.1223491	26.08899338	154.9853372
29/01/2022	34.53369913	8.773161145	35.19391084	13.56808079	125.1223491	26.08899338	154.9853372
30/01/2022	34.53369913	8.773161145	35.19391084	13.56808079	125.1223491	26.08899338	154.9853372
31/01/2022	34.53369913	8.773161145	36.06379123	13.56808079	125.1223491	26.10712333	154.9853372
01/02/2022	36.45223798	10.52779337	36.06379123	13.56808079	125.1223491	26.10712333	156.0215054
02/02/2022	36.45223798	10.52779337	36.46248641	13.86303907	126.9983687	26.59663189	156.6764418
03/02/2022	36.45223798	10.52779337	36.98803914	13.86303907	126.9983687	26.59663189	157.3802542
04/02/2022	38.37077682	10.52779337	37.29612178	14.45295563	126.9983687	26.59663189	158.1622678
05/02/2022	38.37077682	10.52779337	37.29612178	14.45295563	126.9983687	26.59663189	158.1622678
06/02/2022	38.37077682	10.52779337	37.29612178	14.45295563	126.9983687	26.59663189	158.1622678
07/02/2022	38.37077682	10.52779337	37.96665458	14.74791391	126.9983687	26.59663189	158.1622678
08/02/2022	38.37077682	12.2824256	38.0028996	14.74791391	126.9983687	26.59663189	158.7878788
09/02/2022	38.37077682	12.2824256	38.52845234	14.74791391	128.2830343	27.4124795	159.9022483
10/02/2022	42.2078545	12.2824256	38.80028996	15.33783046	128.2830343	27.43060944	160.2639296
11/02/2022	42.2078545	12.2824256	39.3258427	15.92774702	128.2830343	27.43060944	161.3000978
12/02/2022	42.2078545	12.2824256	39.3258427	15.92774702	128.2830343	27.43060944	161.3000978
13/02/2022	44.12639334	12.2824256	39.3258427	15.92774702	128.2830343	27.43060944	161.3000978
14/02/2022	46.04493218	12.2824256	40.12323306	16.2227053	128.2830343	27.43060944	161.3000978
15/02/2022	46.04493218	15.79169006	40.14135556	16.51766358	130.3017945	27.43060944	162.0625611
16/02/2022	46.04493218	17.54632229	40.63066328	17.10758013	130.4853181	28.06515758	163.4017595
17/02/2022	46.04493218	17.54632229	41.04748097	17.10758013	130.5464927	28.06515758	163.9100684
18/02/2022	46.04493218	21.05558675	41.26495107	17.10758013	130.8523654	28.06515758	164.7311828
19/02/2022	46.04493218	21.05558675	41.26495107	17.10758013	130.8523654	28.06515758	164.7311828
20/02/2022	46.04493218	21.05558675	41.26495107	17.10758013	130.8523654	28.06515758	164.7311828
21/02/2022	46.04493218	21.05558675	42.20732149	17.10758013	131.3825449	28.08328753	164.7311828
22/02/2022	46.04493218	22.81021898	42.20732149	17.99245497	131.5660685	28.08328753	165.5229717
23/02/2022	47.96347102	28.07411567	42.60601667	17.69749669	131.7292007	28.97165492	166.8035191
24/02/2022	47.96347102	28.07411567	42.84160928	17.99245497	131.9535073	28.97165492	166.9892473
25/02/2022	49.88200986	28.07411567	42.84160928	17.99245497	132.0350734	28.97165492	167.5659824
26/02/2022	49.88200986	28.07411567	42.84160928	17.99245497	132.0350734	28.97165492	167.5659824
27/02/2022	53.71908754	28.07411567	42.84160928	17.99245497	132.0350734	28.97165492	167.5659824
28/02/2022	53.71908754	31.58338012	42.8778543	18.28741325	132.4836868	28.97165492	167.5659824
01/03/2022	53.71908754	33.33801235	43.13156941	19.17228808	132.7079935	28.98978486	168.5434995
02/03/2022	53.71908754	33.33801235	43.14969192	19.17228808	132.9730832	30.1682314	169.6480938
03/03/2022	53.71908754	31.58338012	43.20405944	20.05716291	133.0954323	30.1682314	170.3323558
04/03/2022	53.71908754	35.09264458	43.25842697	20.05716291	133.1769984	30.1682314	171.1827957
05/03/2022	53.71908754	35.09264458	43.25842697	20.05716291	133.1769984	30.1682314	171.1827957
06/03/2022	53.71908754	35.09264458	43.25842697	20.05716291	133.1769984	30.1682314	171.1827957
07/03/2022	53.71908754	35.09264458	46.59296847	20.94203775	133.9722675	30.1682314	171.1827957
08/03/2022	53.71908754	35.09264458	46.59296847	21.53195431	133.9926591	30.1682314	171.544477
09/03/2022	53.71908754	35.09264458	46.62921348	22.41682914	134.1353997	31.78179666	172.9521017
10/03/2022	53.71908754	35.09264458	46.62921348	22.71178742	134.3800979	31.78179666	173.4995112
11/03/2022	53.71908754	35.09264458	48.07901414	23.30170397	134.8083197	31.78179666	173.9784946
12/03/2022	53.71908754	35.09264458	48.07901414	23.30170397	134.8083197	31.78179666	173.9784946
13/03/2022	53.71908754	35.09264458	48.07901414	23.30170397	134.8083197	31.78179666	173.9784946
14/03/2022	53.71908754	35.09264458	49.23885466	23.89162053	135.0734095	31.78179666	173.9784946
15/03/2022	53.71908754	35.09264458	49.27509967	24.48153709	135.3181077	31.78179666	174.7214076
16/03/2022	53.71908754	35.09264458	50.07249003	25.6613702	135.3588907	33.10528278	175.3372434
17/03/2022	53.71908754	35.09264458	50.4349402	26.84120331	135.3588907	39.32385451	175.8944282
18/03/2022	53.71908754	35.09264458	50.4349402	26.84120331	135.3588907	39.32385451	176.4711632
19/03/2022	53.71908754	35.09264458	50.4349402	26.84120331	135.3588907	39.32385451	176.4711632
20/03/2022	53.71908754	35.09264458	50.4349402	26.84120331	135.3588907	39.32385451	176.4711632
21/03/2022	53.71908754	35.09264458	52.21094599	26.84120331	135.8890701	39.32385451	176.4711632
22/03/2022	53.71908754	36.84727681	52.21094599	27.43111987	136.2153344	39.32385451	176.4711632
23/03/2022	53.71908754	36.84727681	53.42515404	27.43111987	136.317292	42.40594546	176.4711632
24/03/2022	53.71908754	36.84727681	53.47952157	28.02103642	136.4804241	42.40594546	177.8005865
25/03/2022	53.71908754	36.84727681	54.09568684	28.61095298	136.8270799	42.40594546	177.8005865
26/03/2022	53.71908754	36.84727681	54.09568684	28.61095298	136.8270799	42.40594546	177.8005865
27/03/2022	53.71908754	36.84727681	54.09568684	28.61095298	136.8270799	42.40594546	177.8005865
28/03/2022	53.71908754	36.84727681	55.34613991	28.61095298	137.0513866	42.40594546	177.8005865
29/03/2022	53.71908754	36.84727681	55.36426241	28.61095298	137.2349103	42.40594546	177.8005865
30/03/2022	53.71908754	36.84727681	56.27038782	28.90591126	137.4388254	45.65120593	177.8005865
31/03/2022	53.71908754	36.84727681	56.97716564	29.79078609	137.7039152	45.65120593	179.5210166
01/04/2022	53.71908754	36.84727681	57.59333092	29.79078609	138.3768352	45.65120593	179.5210166
02/04/2022	53.71908754	36.84727681	57.59333092	29.79078609	138.3768352	45.65120593	179.5210166
03/04/2022	53.71908754	36.84727681	57.59333092	29.79078609	138.3768352	45.65120593	179.5210166
04/04/2022	53.71908754	36.84727681	58.93439652	29.79078609	138.641925	45.65120593	179.5210166
05/04/2022	53.71908754	36.84727681	58.97064154	30.08574437	138.7642741	45.65120593	179.5210166
06/04/2022	53.71908754	36.84727681	59.93113447	30.08574437	139.1517129	48.352568	179.5210166
07/04/2022	53.71908754	36.84727681	60.42044219	30.08574437	139.5391517	48.352568	180.8993157
08/04/2022	53.71908754	36.84727681	60.42044219	30.97061921	139.9469821	48.352568	180.8993157
09/04/2022	53.71908754	36.84727681	60.42044219	30.97061921	139.9469821	48.352568	180.8993157
10/04/2022	53.71908754	36.84727681	60.42044219	30.97061921	139.9469821	48.352568	180.8993157
11/04/2022	53.71908754	36.84727681	60.42044219	30.97061921	140.3752039	48.352568	180.8993157
12/04/2022	53.71908754	36.84727681	60.42044219	32.4454106	140.7626427	48.352568	180.8993157
13/04/2022	53.71908754	36.84727681	60.42044219	32.4454106	141.088907	50.45564182	180.8993157
14/04/2022	53.71908754	36.84727681	63.73686118	32.4454106	141.3539967	50.45564182	181.8670577
15/04/2022	53.71908754	36.84727681	63.73686118	32.4454106	141.3539967	50.45564182	181.8670577
16/04/2022	53.71908754	36.84727681	63.73686118	32.4454106	141.3539967	50.45564182	181.8670577
17/04/2022	53.71908754	36.84727681	63.73686118	32.4454106	141.3539967	50.45564182	181.8670577
18/04/2022	53.71908754	36.84727681	63.73686118	32.4454106	141.3539967	50.45564182	181.8670577
19/04/2022	53.71908754	36.84727681	63.73686118	33.03532715	142.0065253	50.45564182	181.8670577
20/04/2022	53.71908754	36.84727681	63.73686118	33.03532715	142.3531811	52.05107714	181.8670577
21/04/2022	53.71908754	36.84727681	65.92968467	33.03532715	142.5978793	52.05107714	182.688172
22/04/2022	53.71908754	36.84727681	65.92968467	33.62524371	142.6590538	52.05107714	182.688172
23/04/2022	53.71908754	36.84727681	65.92968467	33.62524371	142.6590538	52.05107714	182.688172
24/04/2022	53.71908754	36.84727681	65.92968467	33.62524371	142.6590538	52.05107714	182.688172
25/04/2022	53.71908754	36.84727681	65.92968467	33.62524371	143.0668842	52.05107714	182.688172
26/04/2022	53.71908754	36.84727681	65.92968467	35.1000351	143.3115824	52.05107714	182.688172
27/04/2022	53.71908754	36.84727681	65.92968467	35.1000351	143.8417618	53.15700389	182.688172
28/04/2022	53.71908754	36.84727681	71.38455962	35.1000351	144.2903752	53.15700389	183.4995112
29/04/2022	53.71908754	36.84727681	71.38455962	35.1000351	144.5146819	53.15700389	183.4995112
30/04/2022	53.71908754	36.84727681	71.38455962	35.1000351	144.5146819	53.15700389	183.4995112
01/05/2022	53.71908754	36.84727681	71.38455962	35.1000351	144.5146819	53.15700389	183.4995112
02/05/2022	53.71908754	36.84727681	71.38455962	35.1000351	144.5146819	53.15700389	183.4995112
03/05/2022	53.71908754	36.84727681	71.38455962	35.1000351	144.6166395	53.15700389	183.4995112
04/05/2022	53.71908754	36.84727681	71.38455962	35.1000351	144.8409462	54.49861995	183.4995112
05/05/2022	53.71908754	36.84727681	75.20840884	35.1000351	144.9429038	54.49861995	184.0078201
06/05/2022	53.71908754	36.84727681	75.20840884	35.1000351	145.4119086	54.49861995	184.0078201
07/05/2022	53.71908754	36.84727681	75.20840884	35.1000351	145.4119086	54.49861995	184.0078201
08/05/2022	53.71908754	36.84727681	75.20840884	35.1000351	145.4119086	54.49861995	184.0078201
09/05/2022	53.71908754	36.84727681	75.20840884	35.1000351	146.0644372	54.49861995	184.0078201
10/05/2022	53.71908754	36.84727681	75.20840884	35.39499338	146.1460033	54.49861995	184.0078201
11/05/2022	53.71908754	36.84727681	75.20840884	35.39499338	146.2071778	55.49576702	184.0078201
12/05/2022	53.71908754	36.84727681	77.63682494	35.39499338	146.3295269	55.49576702	184.7214076
13/05/2022	53.71908754	36.84727681	77.63682494	35.39499338	146.8800979	55.49576702	184.7214076
14/05/2022	53.71908754	36.84727681	77.63682494	35.39499338	146.8800979	55.49576702	184.7214076
15/05/2022	53.71908754	36.84727681	77.63682494	35.39499338	146.8800979	55.49576702	184.7214076
16/05/2022	53.71908754	36.84727681	77.63682494	35.39499338	146.8800979	55.49576702	184.7214076
17/05/2022	53.71908754	36.84727681	77.63682494	45.12861656	146.8800979	55.49576702	184.7214076
18/05/2022	53.71908754	36.84727681	77.63682494	45.12861656	147.7161501	55.49576702	184.7214076
19/05/2022	53.71908754	36.84727681	79.84777093	45.12861656	147.7161501	55.49576702	185.1515152
20/05/2022	53.71908754	36.84727681	79.84777093	45.12861656	147.7161501	56.09405526	185.1515152
21/05/2022	53.71908754	36.84727681	79.84777093	45.12861656	147.7161501	56.09405526	185.1515152
22/05/2022	53.71908754	36.84727681	79.84777093	45.12861656	147.7161501	56.09405526	185.1515152
23/05/2022	53.71908754	36.84727681	79.84777093	45.12861656	147.7161501	56.09405526	185.1515152
24/05/2022	53.71908754	36.84727681	79.84777093	45.12861656	147.7161501	56.09405526	185.1515152
25/05/2022	53.71908754	36.84727681	79.84777093	45.12861656	148.9396411	56.94616276	185.5034213
26/05/2022	53.71908754	36.84727681	81.94998188	45.12861656	148.9396411	56.94616276	185.5034213
27/05/2022	53.71908754	36.84727681	81.94998188	45.12861656	148.9396411	56.94616276	185.5034213
28/05/2022	53.71908754	36.84727681	81.94998188	45.12861656	148.9396411	56.94616276	185.5034213
29/05/2022	53.71908754	36.84727681	81.94998188	45.12861656	148.9396411	56.94616276	185.5034213
30/05/2022	53.71908754	36.84727681	81.94998188	45.12861656	148.9396411	56.94616276	185.5034213
31/05/2022	53.71908754	36.84727681	81.94998188	45.12861656	148.9396411	56.94616276	185.5034213
01/06/2022	53.71908754	36.84727681	81.94998188	45.12861656	150.5097879	57.50819111	185.5034213
02/06/2022	53.71908754	36.84727681	83.85284523	45.12861656	150.5097879	57.50819111	185.8651026
03/06/2022	53.71908754	36.84727681	83.85284523	45.12861656	150.5097879	57.50819111	185.8651026
04/06/2022	53.71908754	36.84727681	83.85284523	45.12861656	150.5097879	57.50819111	185.8651026
05/06/2022	53.71908754	36.84727681	83.85284523	45.12861656	150.5097879	57.50819111	185.8651026
06/06/2022	53.71908754	36.84727681	83.85284523	45.12861656	150.5097879	57.50819111	185.8651026
07/06/2022	53.71908754	36.84727681	83.85284523	45.12861656	150.5097879	57.50819111	185.8651026
08/06/2022	53.71908754	36.84727681	83.85284523	45.12861656	151.223491	58.19712909	185.8651026
09/06/2022	53.71908754	36.84727681	85.42950344	45.12861656	151.223491	58.19712909	186.2072336
10/06/2022	53.71908754	36.84727681	85.42950344	45.12861656	151.223491	58.19712909	186.2072336
11/06/2022	53.71908754	36.84727681	85.42950344	45.12861656	151.223491	58.19712909	186.2072336
12/06/2022	53.71908754	36.84727681	85.42950344	45.12861656	151.223491	58.19712909	186.2072336
13/06/2022	53.71908754	36.84727681	85.42950344	45.12861656	151.223491	58.19712909	186.2072336
14/06/2022	53.71908754	36.84727681	85.42950344	45.12861656	151.223491	58.19712909	186.2072336
15/06/2022	53.71908754	36.84727681	85.42950344	45.12861656	151.7536705	58.92232696	186.2072336
16/06/2022	53.71908754	36.84727681	86.46248641	45.12861656	151.7536705	58.92232696	186.4613881
17/06/2022	53.71908754	36.84727681	86.46248641	45.12861656	151.7536705	58.92232696	186.4613881
18/06/2022	53.71908754	36.84727681	86.46248641	45.12861656	151.7536705	58.92232696	186.4613881
19/06/2022	53.71908754	36.84727681	86.46248641	45.12861656	151.7536705	58.92232696	186.4613881
20/06/2022	53.71908754	36.84727681	86.46248641	45.12861656	151.7536705	58.92232696	186.4613881
21/06/2022	53.71908754	36.84727681	86.46248641	45.12861656	151.7536705	58.92232696	186.4613881
22/06/2022	53.71908754	36.84727681	86.46248641	45.12861656	152.3042414	59.46622536	186.4613881
23/06/2022	53.71908754	36.84727681	87.56795941	45.12861656	152.3042414	59.46622536	186.6373412
24/06/2022	53.71908754	36.84727681	87.56795941	45.12861656	152.3042414	59.46622536	186.6373412
25/06/2022	53.71908754	36.84727681	87.56795941	45.12861656	152.3042414	59.46622536	186.6373412
26/06/2022	53.71908754	36.84727681	87.56795941	45.12861656	152.3042414	59.46622536	186.6373412
27/06/2022	53.71908754	36.84727681	87.56795941	45.12861656	152.3042414	59.46622536	186.6373412
28/06/2022	53.71908754	36.84727681	87.56795941	45.12861656	152.3042414	59.46622536	186.6373412
29/06/2022	53.71908754	36.84727681	87.56795941	45.12861656	152.9159869	60.49963232	186.6373412
30/06/2022	53.71908754	36.84727681	88.34722726	45.12861656	152.9159869	60.49963232	186.9403715
01/07/2022	53.71908754	36.84727681	88.34722726	52.79753179	152.9159869	60.49963232	186.9403715
02/07/2022	53.71908754	36.84727681	88.34722726	52.79753179	152.9159869	60.49963232	186.9403715
03/07/2022	53.71908754	36.84727681	88.34722726	52.79753179	152.9159869	60.49963232	186.9403715
04/07/2022	53.71908754	36.84727681	88.34722726	52.79753179	152.9159869	60.49963232	186.9403715
05/07/2022	53.71908754	36.84727681	88.34722726	52.79753179	152.9159869	60.49963232	186.9403715
06/07/2022	53.71908754	36.84727681	88.34722726	52.79753179	153.6704731	61.91376817	186.9403715
07/07/2022	53.71908754	36.84727681	89.54331279	52.79753179	153.6704731	61.91376817	187.1358749
08/07/2022	53.71908754	36.84727681	89.54331279	52.79753179	153.6704731	61.91376817	187.1358749
09/07/2022	53.71908754	36.84727681	89.54331279	52.79753179	153.6704731	61.91376817	187.1358749
10/07/2022	53.71908754	36.84727681	89.54331279	52.79753179	153.6704731	61.91376817	187.1358749
11/07/2022	53.71908754	36.84727681	89.54331279	52.79753179	153.6704731	61.91376817	187.1358749
12/07/2022	53.71908754	36.84727681	89.54331279	52.79753179	153.6704731	61.91376817	187.1358749
13/07/2022	53.71908754	36.84727681	89.54331279	52.79753179	154.3841762	63.52733343	187.1358749
14/07/2022	53.71908754	36.84727681	90.83001087	52.79753179	154.3841762	63.52733343	187.71261
15/07/2022	53.71908754	36.84727681	90.83001087	52.79753179	154.3841762	63.52733343	187.71261
16/07/2022	53.71908754	36.84727681	90.83001087	52.79753179	154.3841762	63.52733343	187.71261
17/07/2022	53.71908754	36.84727681	90.83001087	52.79753179	154.3841762	63.52733343	187.71261
18/07/2022	53.71908754	36.84727681	90.83001087	52.79753179	154.3841762	63.52733343	187.71261
19/07/2022	53.71908754	36.84727681	90.83001087	52.79753179	154.3841762	63.52733343	187.71261
20/07/2022	53.71908754	36.84727681	90.83001087	52.79753179	155.3833605	65.19528853	187.71261
21/07/2022	53.71908754	36.84727681	90.83001087	52.79753179	155.3833605	65.19528853	188.1622678
22/07/2022	53.71908754	36.84727681	90.83001087	52.79753179	155.3833605	65.19528853	188.1622678
23/07/2022	53.71908754	36.84727681	90.83001087	52.79753179	155.3833605	65.19528853	188.1622678
24/07/2022	53.71908754	36.84727681	90.83001087	52.79753179	155.3833605	65.19528853	188.1622678
25/07/2022	53.71908754	36.84727681	90.83001087	52.79753179	155.3833605	65.19528853	188.1622678
26/07/2022	53.71908754	36.84727681	90.83001087	52.79753179	155.3833605	65.6847971	188.1622678
27/07/2022	53.71908754	36.84727681	90.83001087	52.79753179	156.504894	65.6847971	188.1622678
28/07/2022	53.71908754	36.84727681	90.83001087	52.79753179	156.504894	65.6847971	189.2277615
29/07/2022	53.71908754	36.84727681	90.83001087	52.79753179	156.504894	65.6847971	189.2277615
30/07/2022	53.71908754	36.84727681	90.83001087	52.79753179	156.504894	65.6847971	189.2277615
31/07/2022	53.71908754	36.84727681	90.83001087	52.79753179	156.504894	65.6847971	189.2277615
01/08/2022	53.71908754	36.84727681	90.83001087	52.79753179	156.504894	65.6847971	189.2277615
02/08/2022	53.71908754	36.84727681	90.83001087	52.79753179	156.504894	65.6847971	189.2277615
03/08/2022	53.71908754	36.84727681	90.83001087	52.79753179	157.0146819	65.6847971	189.2277615
04/08/2022	53.71908754	36.84727681	95.16129032	52.79753179	157.0146819	65.6847971	189.9608993
05/08/2022	53.71908754	36.84727681	95.16129032	52.79753179	157.0146819	65.6847971	189.9608993
06/08/2022	53.71908754	36.84727681	95.16129032	52.79753179	157.0146819	65.6847971	189.9608993
07/08/2022	53.71908754	36.84727681	95.16129032	52.79753179	157.0146819	65.6847971	189.9608993
08/08/2022	53.71908754	36.84727681	95.16129032	52.79753179	157.0146819	65.6847971	189.9608993
09/08/2022	53.71908754	36.84727681	95.16129032	52.79753179	157.0146819	69.51021586	189.9608993
10/08/2022	53.71908754	36.84727681	95.16129032	52.79753179	157.8915171	69.51021586	189.9608993
11/08/2022	53.71908754	36.84727681	96.95541863	52.79753179	157.8915171	69.51021586	190.8895406
12/08/2022	53.71908754	36.84727681	96.95541863	52.79753179	157.8915171	69.51021586	190.8895406
13/08/2022	53.71908754	36.84727681	96.95541863	52.79753179	157.8915171	69.51021586	190.8895406
14/08/2022	53.71908754	36.84727681	96.95541863	52.79753179	157.8915171	69.51021586	190.8895406
15/08/2022	53.71908754	36.84727681	96.95541863	52.79753179	157.8915171	69.51021586	190.8895406
16/08/2022	53.71908754	36.84727681	96.95541863	52.79753179	157.8915171	70.52549288	190.8895406
17/08/2022	53.71908754	36.84727681	96.95541863	52.79753179	158.6867863	70.52549288	190.8895406
18/08/2022	53.71908754	36.84727681	99.07575208	52.79753179	158.6867863	70.52549288	192.3949169
19/08/2022	53.71908754	36.84727681	99.07575208	52.79753179	158.6867863	70.52549288	192.3949169
20/08/2022	53.71908754	36.84727681	99.07575208	52.79753179	158.6867863	70.52549288	192.3949169
21/08/2022	53.71908754	36.84727681	99.07575208	52.79753179	158.6867863	70.52549288	192.3949169
22/08/2022	53.71908754	36.84727681	99.07575208	52.79753179	158.6867863	70.52549288	192.3949169
23/08/2022	53.71908754	36.84727681	99.07575208	52.79753179	158.6867863	70.85183192	192.3949169
24/08/2022	53.71908754	36.84727681	99.07575208	52.79753179	159.4616639	70.85183192	192.3949169
25/08/2022	53.71908754	36.84727681	101.069228	52.79753179	159.4616639	71.66767953	193.6461388
26/08/2022	53.71908754	36.84727681	101.069228	52.79753179	159.4616639	71.66767953	193.6461388
27/08/2022	53.71908754	36.84727681	101.069228	52.79753179	159.4616639	71.66767953	193.6461388
28/08/2022	53.71908754	36.84727681	101.069228	52.79753179	159.4616639	71.66767953	193.6461388
29/08/2022	53.71908754	36.84727681	101.069228	52.79753179	159.4616639	71.66767953	193.6461388
30/08/2022	53.71908754	36.84727681	101.069228	62.82611325	159.4616639	72.15718809	193.6461388
31/08/2022	53.71908754	36.84727681	101.069228	62.82611325	159.8491028	72.15718809	193.6461388
01/09/2022	53.71908754	36.84727681	103.1170714	62.82611325	159.8491028	72.15718809	194.5650049
02/09/2022	53.71908754	36.84727681	103.1170714	62.82611325	159.8491028	72.15718809	194.5650049
03/09/2022	53.71908754	36.84727681	103.1170714	62.82611325	159.8491028	72.15718809	194.5650049
04/09/2022	53.71908754	36.84727681	103.1170714	62.82611325	159.8491028	72.15718809	194.5650049
05/09/2022	53.71908754	36.84727681	103.1170714	62.82611325	159.8491028	72.15718809	194.5650049
06/09/2022	53.71908754	36.84727681	103.1170714	62.82611325	159.8491028	72.59230681	194.5650049
07/09/2022	53.71908754	36.84727681	103.1170714	62.82611325	160.4812398	72.59230681	194.5650049
08/09/2022	53.71908754	36.84727681	104.530627	62.82611325	160.4812398	72.59230681	195.5620723
09/09/2022	53.71908754	36.84727681	104.530627	62.82611325	160.4812398	72.59230681	195.5620723
10/09/2022	53.71908754	36.84727681	104.530627	62.82611325	160.4812398	72.59230681	195.5620723
11/09/2022	53.71908754	36.84727681	104.530627	62.82611325	160.4812398	72.59230681	195.5620723
12/09/2022	53.71908754	36.84727681	104.530627	62.82611325	160.4812398	72.59230681	195.5620723
13/09/2022	53.71908754	36.84727681	104.530627	62.82611325	160.4812398	72.59230681	195.5620723
14/09/2022	53.71908754	36.84727681	104.530627	62.82611325	161.1133768	73.208725	195.5620723
15/09/2022	53.71908754	36.84727681	106.1616528	62.82611325	161.1133768	73.208725	196.4809384
16/09/2022	53.71908754	36.84727681	106.1616528	62.82611325	161.1133768	73.208725	196.4809384
17/09/2022	53.71908754	36.84727681	106.1616528	62.82611325	161.1133768	73.208725	196.4809384
18/09/2022	53.71908754	36.84727681	106.1616528	62.82611325	161.1133768	73.208725	196.4809384
19/09/2022	53.71908754	36.84727681	106.1616528	62.82611325	161.1133768	73.208725	196.4809384
20/09/2022	53.71908754	36.84727681	106.1616528	62.82611325	161.1133768	73.69823356	196.4809384
21/09/2022	53.71908754	36.84727681	106.1616528	62.82611325	161.5415987	73.69823356	196.4809384
22/09/2022	53.71908754	36.84727681	107.4302283	62.82611325	161.5415987	73.69823356	197.2434018
23/09/2022	53.71908754	36.84727681	107.4302283	62.82611325	161.5415987	73.69823356	197.2434018
24/09/2022	53.71908754	36.84727681	107.4302283	62.82611325	161.5415987	73.69823356	197.2434018
25/09/2022	53.71908754	36.84727681	107.4302283	62.82611325	161.5415987	73.69823356	197.2434018
26/09/2022	53.71908754	36.84727681	107.4302283	62.82611325	161.5415987	73.69823356	197.2434018
27/09/2022	53.71908754	36.84727681	107.4302283	62.82611325	161.5415987	74.29652181	197.2434018
28/09/2022	53.71908754	36.84727681	107.4302283	62.82611325	161.949429	74.29652181	197.2434018
29/09/2022	53.71908754	36.84727681	108.3907213	62.82611325	161.949429	74.29652181	197.7028348
30/09/2022	53.71908754	36.84727681	108.3907213	62.82611325	161.949429	74.29652181	197.7028348
01/10/2022	53.71908754	36.84727681	108.3907213	62.82611325	161.949429	74.29652181	197.7028348
02/10/2022	53.71908754	36.84727681	108.3907213	62.82611325	161.949429	74.29652181	197.7028348
03/10/2022	53.71908754	36.84727681	108.3907213	62.82611325	161.949429	74.29652181	197.7028348
04/10/2022	53.71908754	36.84727681	108.3907213	62.82611325	161.949429	74.71351058	197.7028348
05/10/2022	53.71908754	36.84727681	108.3907213	62.82611325	162.2960848	74.71351058	197.7028348
06/10/2022	53.71908754	36.84727681	109.1881116	62.82611325	162.2960848	74.71351058	198.1818182
07/10/2022	53.71908754	36.84727681	111.4353026	62.82611325	162.2960848	74.71351058	198.1818182
08/10/2022	53.71908754	36.84727681	111.4353026	62.82611325	162.2960848	74.71351058	198.1818182
09/10/2022	53.71908754	36.84727681	111.4353026	62.82611325	162.2960848	74.71351058	198.1818182
10/10/2022	53.71908754	36.84727681	111.4353026	62.82611325	162.2960848	74.71351058	198.1818182
11/10/2022	53.71908754	36.84727681	111.4353026	62.82611325	162.2960848	75.29366888	198.1818182
12/10/2022	53.71908754	36.84727681	111.4353026	62.82611325	162.8874388	75.29366888	198.1818182
13/10/2022	53.71908754	36.84727681	113.1206959	62.82611325	162.8874388	75.29366888	199.7849462
14/10/2022	53.71908754	36.84727681	113.1206959	62.82611325	162.8874388	75.29366888	199.7849462
15/10/2022	53.71908754	36.84727681	113.1206959	62.82611325	162.8874388	75.29366888	199.7849462
16/10/2022	53.71908754	36.84727681	113.1206959	62.82611325	162.8874388	75.29366888	199.7849462
17/10/2022	53.71908754	36.84727681	113.1206959	62.82611325	162.8874388	75.29366888	199.7849462
18/10/2022	53.71908754	36.84727681	113.1206959	62.82611325	162.8874388	75.29366888	199.7849462
19/10/2022	53.71908754	36.84727681	113.1206959	62.82611325	163.3360522	75.31179882	199.7849462
20/10/2022	53.71908754	36.84727681	116.1109097	62.82611325	163.3360522	75.91008707	200.9970674
21/10/2022	53.71908754	36.84727681	116.1109097	62.82611325	163.3360522	75.91008707	200.9970674
22/10/2022	53.71908754	36.84727681	116.1109097	62.82611325	163.3360522	75.91008707	200.9970674
23/10/2022	53.71908754	36.84727681	116.1109097	62.82611325	163.3360522	75.91008707	200.9970674
24/10/2022	53.71908754	36.84727681	116.1109097	62.82611325	163.3360522	75.91008707	200.9970674
25/10/2022	53.71908754	36.84727681	116.1109097	62.82611325	163.3360522	76.29081595	200.9970674
26/10/2022	53.71908754	36.84727681	116.1109097	62.82611325	164.0089723	76.29081595	200.9970674
27/10/2022	53.71908754	36.84727681	119.0286336	62.82611325	164.0089723	76.29081595	201.945259
28/10/2022	53.71908754	36.84727681	119.0286336	62.82611325	164.0089723	76.29081595	201.945259
29/10/2022	53.71908754	36.84727681	119.0286336	62.82611325	164.0089723	76.29081595	201.945259
30/10/2022	53.71908754	36.84727681	119.0286336	62.82611325	164.0089723	76.29081595	201.945259
31/10/2022	53.71908754	36.84727681	119.0286336	62.82611325	164.0089723	76.29081595	201.945259
01/11/2022	53.71908754	36.84727681	119.0286336	64.59586292	164.0089723	76.83471435	201.945259
02/11/2022	53.71908754	36.84727681	119.0286336	64.59586292	164.4779772	76.83471435	201.945259
03/11/2022	53.71908754	36.84727681	122.1638275	64.59586292	164.4779772	76.83471435	202.8641251
04/11/2022	53.71908754	36.84727681	122.1638275	64.59586292	164.4779772	76.83471435	202.8641251
05/11/2022	53.71908754	36.84727681	122.1638275	64.59586292	164.4779772	76.83471435	202.8641251
06/11/2022	53.71908754	36.84727681	122.1638275	64.59586292	164.4779772	76.83471435	202.8641251
07/11/2022	53.71908754	36.84727681	122.1638275	64.59586292	164.4779772	76.83471435	202.8641251
08/11/2022	53.71908754	36.84727681	122.1638275	64.59586292	164.4779772	76.83471435	202.8641251
09/11/2022	53.71908754	36.84727681	122.1638275	64.59586292	165.1712887	77.7049518	202.8641251
10/11/2022	53.71908754	36.84727681	125.2808989	64.59586292	165.1712887	77.7049518	203.8807429
11/11/2022	53.71908754	36.84727681	125.2808989	64.59586292	165.1712887	77.7049518	203.8807429
12/11/2022	53.71908754	36.84727681	125.2808989	64.59586292	165.1712887	77.7049518	203.8807429
13/11/2022	53.71908754	36.84727681	125.2808989	64.59586292	165.1712887	77.7049518	203.8807429
14/11/2022	53.71908754	36.84727681	125.2808989	64.59586292	165.1712887	77.7049518	203.8807429
15/11/2022	53.71908754	36.84727681	125.2808989	64.59586292	165.1712887	77.7049518	203.8807429
16/11/2022	53.71908754	36.84727681	125.2808989	64.59586292	166.0073409	77.7049518	203.8807429
17/11/2022	53.71908754	36.84727681	129.992751	64.59586292	166.0073409	77.7049518	204.5747801
18/11/2022	53.71908754	36.84727681	129.992751	64.59586292	166.0073409	78.41201972	204.5747801
19/11/2022	53.71908754	36.84727681	129.992751	64.59586292	166.0073409	78.41201972	204.5747801
20/11/2022	53.71908754	36.84727681	129.992751	64.59586292	166.0073409	78.41201972	204.5747801
21/11/2022	53.71908754	36.84727681	129.992751	64.59586292	166.0073409	78.53892935	204.5747801
22/11/2022	53.71908754	36.84727681	129.992751	64.59586292	166.0073409	78.53892935	204.5747801
23/11/2022	53.71908754	36.84727681	129.992751	64.59586292	166.5986949	78.53892935	204.5747801
24/11/2022	53.71908754	36.84727681	131.6600217	64.59586292	166.5986949	78.53892935	205.6109482
25/11/2022	53.71908754	36.84727681	131.6600217	64.59586292	166.5986949	79.48168658	205.6109482
26/11/2022	53.71908754	36.84727681	131.6600217	64.59586292	166.5986949	79.48168658	205.6109482
27/11/2022	53.71908754	36.84727681	131.6600217	64.59586292	166.5986949	79.48168658	205.6109482
28/11/2022	53.71908754	36.84727681	131.6600217	64.59586292	166.5986949	79.48168658	205.6109482
29/11/2022	53.71908754	36.84727681	131.6600217	64.59586292	166.5986949	79.48168658	205.6109482
30/11/2022	53.71908754	36.84727681	131.6600217	64.59586292	167.1492659	79.48168658	205.6109482
01/12/2022	53.71908754	36.84727681	134.9764407	64.59586292	167.1492659	79.48168658	206.5200391
02/12/2022	53.71908754	36.84727681	134.9764407	64.59586292	167.1492659	80.47883365	206.5200391
03/12/2022	53.71908754	36.84727681	134.9764407	64.59586292	167.1492659	80.47883365	206.5200391
04/12/2022	53.71908754	36.84727681	134.9764407	64.59586292	167.1492659	80.47883365	206.5200391
05/12/2022	53.71908754	36.84727681	134.9764407	64.59586292	167.1492659	80.47883365	206.5200391
06/12/2022	53.71908754	36.84727681	134.9764407	64.59586292	167.1492659	80.47883365	206.5200391
07/12/2022	53.71908754	36.84727681	134.9764407	64.59586292	167.8425775	80.47883365	206.5200391
08/12/2022	53.71908754	36.84727681	137.2236318	64.59586292	167.8425775	81.54850051	207.5659824
09/12/2022	53.71908754	36.84727681	137.2236318	64.59586292	167.8425775	81.54850051	207.5659824
10/12/2022	53.71908754	36.84727681	137.2236318	64.59586292	167.8425775	81.54850051	207.5659824
11/12/2022	53.71908754	36.84727681	137.2236318	64.59586292	167.8425775	81.54850051	207.5659824
12/12/2022	53.71908754	36.84727681	137.2236318	64.59586292	167.8425775	81.54850051	207.5659824
13/12/2022	53.71908754	36.84727681	137.2236318	64.59586292	167.8425775	81.54850051	207.5659824
14/12/2022	53.71908754	36.84727681	137.2236318	64.59586292	168.6378467	81.54850051	207.5659824
15/12/2022	53.71908754	36.84727681	141.047481	64.59586292	168.6378467	81.54850051	208.8367546
16/12/2022	53.71908754	36.84727681	141.047481	64.59586292	168.6378467	82.87198662	208.8367546
17/12/2022	53.71908754	36.84727681	141.047481	64.59586292	168.6378467	82.87198662	208.8367546
18/12/2022	53.71908754	36.84727681	141.047481	64.59586292	168.6378467	82.87198662	208.8367546
19/12/2022	53.71908754	36.84727681	141.047481	64.59586292	168.6378467	82.87198662	208.8367546
20/12/2022	53.71908754	36.84727681	141.047481	67.5454457	168.6378467	82.87198662	208.8367546
21/12/2022	53.71908754	36.84727681	141.047481	67.5454457	169.1068515	82.87198662	208.8367546
22/12/2022	53.71908754	36.84727681	143.7658572	67.5454457	169.1068515	84.66685135	211.4076246
23/12/2022	53.71908754	36.84727681	143.7658572	67.5454457	169.1068515	84.66685135	211.4076246
24/12/2022	53.71908754	36.84727681	143.7658572	67.5454457	169.1068515	84.66685135	211.4076246
25/12/2022	53.71908754	36.84727681	143.7658572	67.5454457	169.1068515	84.66685135	211.4076246
26/12/2022	53.71908754	36.84727681	143.7658572	67.5454457	169.1068515	84.66685135	211.4076246
27/12/2022	53.71908754	36.84727681	143.7658572	67.5454457	169.1068515	84.66685135	211.4076246
28/12/2022	53.71908754	36.84727681	143.7658572	67.5454457	169.1068515	84.66685135	211.4076246
29/12/2022	53.71908754	36.84727681	143.7658572	67.5454457	169.1068515	84.66685135	213.3626588
30/12/2022	53.71908754	36.84727681	143.7658572	67.5454457	169.1068515	84.66685135	213.3626588
31/12/2022	53.71908754	36.84727681	143.7658572	67.5454457	169.1068515	84.66685135	213.3626588
01/01/2023	53.71908754	36.84727681	143.7658572	67.5454457	169.1068515	84.66685135	213.3626588
02/01/2023	53.71908754	36.84727681	143.7658572	67.5454457	169.1068515	84.66685135	213.3626588
03/01/2023	53.71908754	36.84727681	143.7658572	67.5454457	169.1068515	86.47984603	213.3626588
04/01/2023	53.71908754	36.84727681	143.7658572	67.5454457	170.0448613	86.47984603	213.3626588
05/01/2023	53.71908754	36.84727681	149.7462849	67.5454457	170.0448613	86.47984603	216.4418377
06/01/2023	53.71908754	36.84727681	149.7462849	67.5454457	170.0448613	88.09341129	216.4418377
07/01/2023	53.71908754	36.84727681	149.7462849	67.5454457	170.0448613	88.09341129	216.4418377
08/01/2023	53.71908754	36.84727681	149.7462849	67.5454457	170.0448613	88.09341129	216.4418377
09/01/2023	53.71908754	36.84727681	149.7462849	67.5454457	170.0448613	88.09341129	216.4418377
10/01/2023	53.71908754	36.84727681	149.7462849	67.5454457	170.0448613	88.09341129	216.4418377
11/01/2023	53.71908754	36.84727681	149.7462849	67.5454457	171.0440457	88.09341129	216.4418377
12/01/2023	53.71908754	36.84727681	152.7908663	67.5454457	171.0440457	88.09341129	221.3587488
13/01/2023	53.71908754	36.84727681	152.7908663	67.5454457	171.0440457	89.97892575	221.3587488
14/01/2023	53.71908754	36.84727681	152.7908663	67.5454457	171.0440457	89.97892575	221.3587488
15/01/2023	53.71908754	36.84727681	152.7908663	67.5454457	171.0440457	89.97892575	221.3587488
16/01/2023	53.71908754	36.84727681	152.7908663	67.5454457	171.0440457	89.97892575	221.3587488
17/01/2023	53.71908754	36.84727681	152.7908663	70.2000702	171.0440457	89.97892575	221.3587488
18/01/2023	53.71908754	36.84727681	152.7908663	70.2000702	171.9208809	89.97892575	221.3587488
19/01/2023	53.71908754	36.84727681	155.0743023	70.2000702	171.9208809	89.97892575	225.0244379
20/01/2023	53.71908754	36.84727681	155.0743023	70.2000702	171.9208809	91.30241186	225.0244379
21/01/2023	53.71908754	36.84727681	155.0743023	70.2000702	171.9208809	91.30241186	225.0244379
22/01/2023	53.71908754	36.84727681	155.0743023	70.2000702	171.9208809	91.30241186	225.0244379
23/01/2023	53.71908754	36.84727681	155.0743023	70.2000702	171.9208809	91.30241186	225.0244379
24/01/2023	53.71908754	36.84727681	155.0743023	70.2000702	171.9208809	91.30241186	225.0244379
25/01/2023	53.71908754	36.84727681	155.0743023	58.69669735	172.5530179	91.30241186	225.0244379
26/01/2023	53.71908754	36.84727681	156.560348	58.69669735	172.5530179	92.68028782	227.5562072
27/01/2023	53.71908754	36.84727681	156.560348	58.69669735	172.5530179	92.68028782	227.5562072
28/01/2023	53.71908754	36.84727681	156.560348	58.69669735	172.5530179	92.68028782	227.5562072
29/01/2023	53.71908754	36.84727681	156.560348	58.69669735	172.5530179	92.68028782	227.5562072
30/01/2023	53.71908754	36.84727681	156.560348	58.69669735	172.5530179	92.68028782	227.5562072
31/01/2023	53.71908754	36.84727681	156.560348	58.69669735	172.5530179	92.68028782	227.5562072
01/02/2023	53.71908754	36.84727681	156.560348	58.69669735	173.6337684	92.68028782	227.5562072
02/02/2023	53.71908754	36.84727681	158.3725988	58.69669735	173.6337684	92.68028782	229.2082111
03/02/2023	53.71908754	36.84727681	158.3725988	58.69669735	173.6337684	93.13353649	229.2082111
04/02/2023	53.71908754	36.84727681	158.3725988	58.69669735	173.6337684	93.13353649	229.2082111
05/02/2023	53.71908754	36.84727681	158.3725988	58.69669735	173.6337684	93.13353649	229.2082111
06/02/2023	53.71908754	36.84727681	158.3725988	58.69669735	173.6337684	93.13353649	229.2082111
07/02/2023	53.71908754	36.84727681	158.3725988	62.23619669	173.6337684	93.13353649	229.2082111
08/02/2023	53.71908754	36.84727681	158.3725988	62.23619669	175.4078303	93.13353649	229.2082111
09/02/2023	53.71908754	36.84727681	159.8586444	62.23619669	175.4078303	93.13353649	230.3323558
10/02/2023	53.71908754	36.84727681	159.8586444	62.23619669	175.4078303	93.40548569	230.3323558
11/02/2023	53.71908754	36.84727681	159.8586444	62.23619669	175.4078303	93.40548569	230.3323558
12/02/2023	53.71908754	36.84727681	159.8586444	62.23619669	175.4078303	93.40548569	230.3323558
13/02/2023	53.71908754	36.84727681	159.8586444	62.23619669	175.4078303	93.40548569	230.3323558
14/02/2023	53.71908754	36.84727681	159.8586444	62.23619669	175.4078303	93.40548569	230.3323558
15/02/2023	53.71908754	36.84727681	159.8586444	62.23619669	175.9584013	93.40548569	230.3323558
16/02/2023	53.71908754	36.84727681	160.5472997	62.23619669	175.9584013	93.40548569	231.026393
17/02/2023	53.71908754	36.84727681	160.5472997	62.23619669	175.9584013	93.82247446	231.026393
18/02/2023	53.71908754	36.84727681	160.5472997	62.23619669	175.9584013	93.82247446	231.026393
19/02/2023	53.71908754	36.84727681	160.5472997	62.23619669	175.9584013	93.82247446	231.026393
20/02/2023	53.71908754	36.84727681	160.5472997	62.23619669	175.9584013	93.82247446	231.026393
21/02/2023	53.71908754	36.84727681	160.5472997	62.23619669	175.9584013	93.82247446	231.026393
22/02/2023	53.71908754	36.84727681	160.5472997	62.23619669	176.4885808	93.82247446	231.026393
23/02/2023	53.71908754	36.84727681	161.1453425	62.23619669	176.4885808	93.82247446	231.3000978
24/02/2023	53.71908754	36.84727681	161.1453425	62.23619669	176.4885808	93.82247446	231.3000978
25/02/2023	53.71908754	36.84727681	161.1453425	62.23619669	176.4885808	93.82247446	231.3000978
26/02/2023	53.71908754	36.84727681	161.1453425	62.23619669	176.4885808	93.82247446	231.3000978
27/02/2023	53.71908754	36.84727681	161.1453425	62.23619669	176.4885808	93.82247446	231.3000978
28/02/2023	53.71908754	36.84727681	161.1453425	77.57402715	176.4885808	93.82247446	231.3000978
01/03/2023	53.71908754	36.84727681	161.1453425	77.57402715	177.2226754	93.82247446	231.3000978
02/03/2023	53.71908754	36.84727681	161.9427329	77.57402715	177.2226754	94.51141244	231.9745846
03/03/2023	53.71908754	36.84727681	161.9427329	77.57402715	177.2226754	94.51141244	231.9745846
04/03/2023	53.71908754	36.84727681	161.9427329	77.57402715	177.2226754	94.51141244	231.9745846
05/03/2023	53.71908754	36.84727681	161.9427329	77.57402715	177.2226754	94.51141244	231.9745846
06/03/2023	53.71908754	36.84727681	161.9427329	77.57402715	177.2226754	94.51141244	231.9745846
07/03/2023	53.71908754	36.84727681	161.9427329	77.57402715	177.2226754	94.51141244	231.9745846
08/03/2023	53.71908754	36.84727681	161.9427329	77.57402715	177.5693312	94.51141244	231.9745846
09/03/2023	53.71908754	36.84727681	162.5045306	77.57402715	177.5693312	94.51141244	232.4242424
